100 1
758.5 -354.6 970.5 781.7 -351.3 943.2 795.4 -367.9 974.4
755.6 108.5 908.6 770 117.7 919.2 770.6 121.5 904.2
594.7 5.3 466 600.3 16.2 460.3 584.9 27 455.8
891.8 -450.2 459.2 876.3 -418.4 472.7 877.3 -427.8 464.3
718.5 -18.3 1034.8 717.2 -19.5 1034.5 717.8 -17.6 1035.7
555.5 51.1 488.2 553.7 48.5 489 550.8 42.5 492.2
547.9 -196.7 994.3 513 -183.3 971.4 540.4 -217.9 989.6
898.1 -284.3 490 907.2 -274.9 473.3 902.9 -312 493.8
1044.7 107.1 426.6 1051 139.5 396.7 1042.2 100 410.6
1011 -160.8 594.8 998.2 -163.3 571.6 1015.1 -175.3 599.9
725.4 -287.1 1037.5 721.2 -267.3 1025.7 716.8 -284 1026.4
1001.8 -504.3 628.2 1024 -485.7 641.8 1009.3 -504.9 604.8
557.5 -461.1 752.7 543.3 -463.7 752.7 570.2 -480.1 764.3
779.2 -502.6 492.7 781.7 -508.6 496.3 779.8 -501.6 491.6
432.9 115.2 1023.6 426.7 138.1 1033 429.4 118.8 992.8
963.1 -449.9 993.9 997.2 -426.5 1017.8 958.8 -425.4 1002.3
408 -229.8 963.3 404.1 -228.9 963.7 403.8 -231.2 970.2
1060.7 -190.3 978.2 1042.5 -171.7 965.8 1074.7 -184.5 966.7
524 -313.9 943.5 491 -287.4 955 492 -280.7 953.6
792.5 -128.6 1057.3 806.6 -146.8 1026.8 793.5 -112.9 1023.9
642.8 -264.6 423.8 626.6 -273.1 413 621.6 -254.7 418.5
413.7 23 678.7 419.4 24.4 673.2 413.6 20.7 680.3
877.2 -53.1 437.3 872.1 -52 434.5 877.7 -51.6 440.2
517.8 -194.9 1013 532.4 -171.1 984 532.5 -190.4 1009.9
1035 157.7 521.1 1034.7 158.2 520.5 1035.1 157.7 521.5
678.6 -483.5 602 681.1 -458.5 596.2 685.9 -474.4 582.5
1067 -428.6 576.7 1066.5 -428.3 576.1 1069.9 -431.2 573.2
861.3 -239.8 999.8 855.1 -245.8 999.9 862.2 -237.6 994.6
1001.7 -499.8 836 999.7 -485.9 842.9 1023.6 -503.1 850.1
886.4 -431.1 452.1 905.3 -400.9 455.1 881.1 -406.9 488.9
485.2 117.5 679.9 489.4 117.5 673.5 490.3 111.9 679.5
1041.2 1.1 698.1 1018.1 25.8 705.2 1029.5 -1.3 680.3
498.9 -101.3 465.8 516.3 -104.6 489.9 512 -127.7 477.1
972.9 -168.5 475.8 945.6 -197.7 447.2 942.4 -171.5 465.4
636.2 -255.8 385 635.3 -255.4 383 639.6 -264.6 378.9
976.1 -286.5 542.4 1017.5 -307.9 544.2 1018.8 -285.6 548.7
522.6 -442 621.3 497.4 -437.8 590.6 514.1 -468.3 598
828 -507.4 501.9 824.7 -508.4 502.6 825 -510.5 500.6
536.6 -395.8 887.3 536 -397.3 887.6 539.1 -396.1 890
971.2 141.6 827.1 986.1 154.1 833.3 984.3 131.3 833
960.1 -458.9 935.8 954.8 -457.2 939.2 975.5 -466.9 925.5
798.8 -227.9 1046.1 801.8 -229 1024.9 802.5 -231.2 1048.8
665.5 22.3 412.8 643.9 7.3 388.1 660.1 1.3 405.1
525 -81.5 918.2 526.3 -78.5 921 523 -82.1 921.2
410.8 -412.2 779.2 407.9 -440.7 771.6 402 -411.3 800.1
410.9 -393.5 878.7 402.8 -387.6 871 420.6 -385.3 880.5
417.9 -191.8 871.6 410.3 -170.1 861.8 394.6 -196.4 884.1
667.4 73.2 871.7 672.5 67.5 866.4 665.4 75.8 875.3
475.4 17.6 823.8 448.3 46.5 839.1 490.9 59.5 825.5
429.7 49.9 405 440.9 26.3 391.4 421.8 34.8 383.8
957.5 132.8 636.8 955 133.9 634.9 957.5 131.1 636.4
964 -241.2 939.7 961 -272.1 948 946.2 -255.2 909.6
951.1 58.3 609.8 975.5 74.2 640.9 979.8 58 612.2
506.2 40.3 497.9 514.9 70.5 530.7 498.8 78.8 527.5
1101.2 28.4 706.6 1091.3 -8.1 735.9 1108.7 0.9 726.2
758.5 -390.3 410.6 752 -382.2 406.1 755.5 -393.7 404.1
485.5 -374.9 470.2 482.7 -367 481.4 476.5 -388 481.5
515.2 102.2 621.4 525 102.6 628.5 539.6 113.4 640.5
1015 -434.8 921.8 1019.6 -399.4 945 1015.5 -419.8 962.5
484.8 -254.1 1004.2 468.5 -285.1 1020.7 463.1 -269.4 1043.3
1048 -57.5 480.6 1049.5 -55.5 478.8 1050.1 -56.7 481.2
416.1 -317.3 604.4 418.8 -330.5 603.1 419.2 -306.3 592
403.1 49.3 487.9 415.3 74.2 501.3 399.1 54.1 489.3
917.1 -74.7 420.7 913.8 -43.2 392.4 909.3 -69.9 429.7
838.6 -426.1 969 837.3 -421.3 971.4 832.2 -424.1 967.4
841.3 -97.6 1012.7 841.6 -91.1 1015.3 837.4 -100.7 1003
820.8 -432.6 474 793.7 -440.2 443.2 796.4 -451.1 480.8
982.8 -424.6 747 974.2 -455.8 758.8 985.8 -455.3 727.9
795.1 -520.4 1004.5 796.4 -535.3 977.9 779.9 -548.1 993.4
924.4 -136 982.7 923.2 -131 992.3 931.3 -145.6 992.9
451 52.7 514.3 443.1 52.2 507.1 458.9 59.5 535.9
715 -516.6 777.3 713.5 -499.7 782.7 711.2 -504.3 766.7
431.4 -56.8 737.2 428 -53.3 737.7 431.5 -53.7 740.7
1062.7 -24.2 935.5 1062.6 -18.7 929.6 1066.4 -21.8 930.5
975.4 -391.5 738.2 938.6 -393.5 715.9 971.5 -430.1 716.2
466.8 -148 939.9 459.9 -130 909.5 451.8 -115.1 919.1
1041.6 32.1 465.4 1041.4 32 465.1 1041.4 32.1 465.2
434.2 113.5 744 457.3 103.9 765.1 470 104.6 777.3
410.4 -159.5 897.6 419.3 -171.1 907.7 400.6 -168.8 899.2
977 -293.6 521 999.8 -310.8 502.9 1004.8 -316.7 488.1
1011.3 -46.7 874.7 1023.4 -26.8 885.3 1004 -24.1 878
890.7 -407.7 983.4 912.6 -401.3 998.9 899.6 -402.6 995.1
430.1 -408.1 619.8 429.4 -417.3 619.9 438.8 -415.7 622.4
530.5 -332.6 434.1 507.4 -323.7 423.4 529.8 -352.5 425.7
869.9 -241 402 869.3 -242.1 401.4 870.6 -240.4 401
855.8 -172.1 1030.2 832.6 -134.7 1016.5 857 -154.4 1053.4
925.9 -496.3 484.2 945.1 -517.2 470.5 929.7 -486.7 471.8
487.9 117 862.7 487.9 117.1 862.8 488 116.9 862.4
472.9 78 404.7 475.5 79.9 402.2 472.2 78.5 405.5
408.9 -423.7 414.1 415.4 -400.7 398.1 417.3 -415.7 414.6
764.5 78 913.3 765.3 47.8 905.4 762.6 83.9 905.5
403.9 -332.3 951.2 397.9 -333.7 946.2 408.5 -332 952.7
569.4 -218.4 1006.8 557 -203.6 965.6 586.4 -236 983.7
910.9 -444.2 487.7 912.6 -473.6 465.7 887.2 -479.1 477.7
435.3 36.7 965.4 425.2 32.3 976.8 444.1 33.8 956.5
1033.3 -100.3 881.8 1043.6 -98.8 874.7 1036 -95.3 875.6
987.9 30.1 762.8 995.3 22.5 751.2 977.6 41.8 760.7
491.3 -227.7 1001.7 484.5 -255.6 1031.2 487 -249.4 1016.7
486.1 69.9 611 466.1 74.7 617.6 477.1 91.1 581.4
740 -449.5 549.9 740.8 -455 552.5 735.1 -460.8 542
306.5 736.5 -180 708.6