20 10
-0.7 0.5 -0.6 -9.3 -12.5 10.1 -14.8 -12.1 3.6
0.1 0.5 0.9 2.8 1.1 -2.7 2.7 2.0 6.5
-0.6 0.9 0.0 8.1 -10.5 23.9 -23.5 4.9 -4.8
-0.4 0.3 -0.5 15.5 14.6 -20.9 3.1 22.0 -11.3
0.5 -0.6 -0.2 -29.6 -23.9 -13.3 -21.1 3.4 -25.4
-0.9 -1.0 -0.8 14.7 14.5 31.1 -8.7 27.6 -10.5
-0.7 -0.8 -0.4 0.3 -1.5 -0.2 1.4 0.4 2.1
-0.3 0.7 -0.5 18.5 0.2 -15.7 6.7 -5.8 -20.2
-0.8 -0.2 0.9 -12.7 -13.4 15.3 8.9 3.1 21.2
-0.3 0.8 1.0 -0.4 -2.9 -7.5 -2.6 -16.3 23.8
-0.7 1.0 -0.3 18.2 -12.9 -20.0 18.8 -25.0 -8.3
0.4 0.6 0.7 10.4 -3.4 0.3 -1.7 13.1 13.5
0.4 -0.2 0.8 -8.1 -15.1 -1.1 -16.3 -10.5 -11.9
-0.6 0.5 0.0 -6.9 4.2 2.7 -4.0 -2.1 7.7
0.5 0.5 -0.8 5.6 4.0 -5.2 -2.0 -4.5 -5.6
0.0 -1.0 -0.4 -25.6 11.1 16.4 -2.4 12.4 -25.0
0.9 -0.7 -0.6 0.4 20.1 -37.1 23.7 2.7 -42.5
0.9 1.0 -0.6 -27.6 -6.4 -24.0 14.5 -29.0 -16.5
-0.4 -0.7 0.8 -16.8 1.8 5.3 8.2 -11.3 -9.5
0.2 -0.1 0.0 -1.0 6.2 -7.5 -0.3 -0.2 -0.1
1.7 -0.7 -0.9 0.2
1.8 -0.8 -0.3 0.8
1.4 0.8 -0.2 -1.0
0.8 -0.5 -0.8 -0.2
1.9 0.8 0.3 -0.5
1.6 -0.8 0.4 -0.7
0.9 0.3 -0.9 1.0
1.4 0.7 -0.8 -0.1
0.6 -0.9 -1.0 -0.7
1.0 -0.3 -1.0 0.8