20 10
-943.6 -929.6 -611.0 -943.0 -929.7 -610.8 -944.0 -929.5 -610.5
-314.7 786.9 -901.8 -309.3 791.6 -897.2 -317.7 780.0 -898.7
425.6 747.6 849.6 414.9 748.9 838.5 422.1 751.7 844.8
-518.3 591.6 -887.7 -543.0 572.8 -885.0 -503.1 588.3 -876.6
-602.6 -617.6 47.0 -603.7 -608.5 58.8 -612.4 -612.4 46.1
-501.4 959.0 -856.4 -481.3 992.7 -838.9 -517.0 979.7 -824.5
-628.7 700.2 272.8 -632.5 699.1 264.2 -646.3 701.5 293.7
961.8 841.1 -396.3 946.2 848.1 -425.5 949.6 818.7 -391.5
342.8 253.6 -241.6 343.2 254.2 -241.3 343.1 253.5 -242.3
-869.6 -395.0 769.8 -868.0 -394.7 768.5 -868.3 -401.8 775.3
397.2 138.5 -170.1 400.5 145.2 -165.9 396.8 133.2 -162.1
556.2 166.1 -493.7 548.7 180.6 -480.9 521.1 192.0 -507.3
-710.1 -695.5 -322.7 -748.9 -694.2 -353.3 -747.3 -677.1 -337.9
-941.5 111.0 -441.5 -954.4 116.1 -428.6 -950.5 98.6 -457.7
484.7 -681.3 934.8 487.4 -683.7 930.9 486.1 -684.5 931.7
532.9 121.5 -711.2 548.5 138.5 -713.5 546.4 140.0 -744.2
-464.2 664.8 252.3 -461.2 661.0 248.5 -455.5 662.3 240.2
849.5 134.6 -43.1 829.5 144.0 -13.7 870.6 144.5 -15.1
401.2 -493.7 936.0 395.2 -490.8 928.5 401.5 -490.6 928.4
-174.6 -503.6 49.9 -159.0 -478.8 43.3 -155.0 -489.0 38.2
337.4 657.6 -994.6 15.0
253.8 -863.3 -126.5 -824.4
45.5 -500.5 -487.1 274.4
336.4 -179.1 19.2 -572.1
216.5 -495.5 -881.3 -896.2
176.7 -55.8 -399.7 261.2
490.0 125.3 -897.5 574.1
113.0 264.9 -13.5 575.9
112.4 -8.1 -37.0 668.6
72.1 836.5 844.2 374.0
