20 10
-49.7 84.9 37.5 -30.2 107.7 51.7 -41.6 91.5 43.9
85.8 73.0 -87.3 81.4 79.9 -93.6 93.0 67.0 -80.4
31.3 96.6 -15.5 22.9 88.5 -12.8 38.5 98.8 -7.0
-17.2 95.6 -46.6 -5.1 83.5 -40.0 -23.7 102.3 -53.8
-79.9 26.8 -70.6 -75.0 34.3 -60.9 -72.3 33.9 -57.6
69.0 87.7 21.9 99.5 71.9 1.6 69.6 75.3 26.1
-95.2 72.4 47.3 -101.0 84.6 45.5 -86.6 77.5 70.5
75.0 -53.1 -20.8 46.1 -71.1 -11.6 78.7 -69.9 -14.1
-8.6 34.5 -63.8 -0.2 43.6 -55.8 -23.6 33.5 -81.4
61.2 -93.3 67.9 71.8 -81.7 78.4 60.5 -84.5 56.1
-23.5 68.7 74.1 -24.7 59.9 106.8 -43.1 37.7 76.7
78.4 -52.3 92.3 105.9 -53.5 86.5 64.7 -44.0 70.1
-3.1 91.9 -11.4 38.4 70.2 -26.3 3.5 101.3 -13.5
-69.3 77.8 61.9 -44.3 90.7 93.9 -35.5 70.9 53.0
-57.1 92.0 -31.1 -75.0 67.9 -18.4 -94.9 71.2 -50.6
11.3 44.8 47.9 10.6 45.0 47.1 11.3 45.2 46.9
-43.5 69.2 5.7 -43.2 69.1 6.0 -43.0 68.7 6.0
-99.9 25.0 -83.6 -100.6 23.9 -82.5 -100.2 23.9 -84.8
84.3 -40.9 -61.0 60.9 -60.1 -60.3 66.2 -27.4 -82.0
-97.5 -24.3 -77.6 -107.4 -37.2 -77.2 -83.3 -37.5 -76.7
190.6 -67.6 10.6 -16.4
104.5 86.4 -55.9 -93.7
117.7 -63.8 44.9 -49.8
32.6 84.0 38.1 84.6
191.7 -39.1 24.3 35.8
36.9 -17.5 -88.6 36.7
106.3 -53.0 8.6 42.5
135.3 40.9 -16.2 -64.4
72.8 50.1 -25.1 58.6
21.0 19.0 20.7 -53.3