20 10
4.4 -2.4 5.7 0.4 -2.3 -1.6 0.4 2.5 9.4
-8.4 -4.5 9.2 -10.5 -13.3 14.6 -15.5 1.4 -4.5
5.3 10.0 3.5 38.6 4.2 -13.9 37.5 24.7 -3.5
-3.5 5.0 -7.4 -17.2 20.6 -25.4 -17.9 7.6 -11.6
1.1 6.4 -7.9 -15.6 -31.6 -30.1 -16.3 -20.7 -2.5
7.7 2.0 -3.6 6.9 3.5 -2.5 7.7 2.4 -2.2
0.4 1.3 7.5 13.3 -12.9 -17.0 29.3 18.3 -27.9
-1.6 4.6 10.0 21.0 15.5 3.5 -14.7 7.0 -17.2
7.8 -4.9 6.8 -11.9 5.3 7.9 9.0 0.5 -12.5
-8.1 9.7 1.2 -31.5 14.6 20.8 -21.4 12.8 42.2
7.6 7.6 -7.2 -6.6 7.8 -23.5 11.5 23.0 -1.5
-4.8 -5.4 -4.8 -3.4 -10.7 -16.4 -16.4 4.0 1.2
-2.0 3.2 -3.9 36.5 -12.3 -13.4 8.1 -7.1 -37.1
-4.7 2.1 7.4 -33.4 25.8 21.4 3.2 14.8 15.1
4.8 9.4 6.0 -13.7 19.0 2.8 -6.7 27.5 0.8
6.8 -0.2 1.0 12.8 -6.3 6.6 8.9 2.5 5.8
8.6 -3.2 -0.7 -12.9 -22.8 9.3 8.8 -26.4 6.7
0.1 -5.8 1.1 -1.3 0.9 7.2 -0.1 -9.7 2.1
1.6 0.6 -3.5 15.2 0.9 -12.3 10.7 -15.2 -26.3
3.0 1.2 8.9 -11.0 3.7 45.2 27.1 -6.6 32.6
15.2 -0.7 2.8 1.0
18.7 0.3 7.9 -5.8
6.4 0.4 6.8 -6.6
2.1 -7.1 7.3 -9.4
16.8 2.4 -2.8 -3.3
18.3 6.3 -6.9 -5.2
3.4 0.5 3.3 -5.5
12.5 -4.1 0.7 7.5
11.9 8.6 -6.5 6.1
6.0 -8.7 -9.8 5.3