2000 10
28.3 -87.2 97.5 16.3 -111.3 101.3 17.7 -106.4 91.4
-60.3 82.2 79.7 -29.9 47.9 91.0 -64.5 47.9 98.9
17.6 -72.0 24.6 50.0 -62.2 57.8 6.4 -61.8 41.8
69.6 91.0 -95.3 62.0 73.6 -103.8 58.7 103.8 -109.3
-43.1 -70.0 -61.9 -87.1 -63.2 -65.9 -53.3 -57.3 -75.9
-7.9 -41.5 -88.4 -13.1 -53.2 -112.4 -21.5 -46.8 -104.0
-73.1 -78.0 83.4 -73.0 -77.9 83.4 -73.1 -78.1 83.4
-65.0 95.7 23.5 -104.5 79.2 -0.9 -96.9 79.3 2.3
51.2 41.5 65.5 38.7 71.3 92.5 54.3 40.9 70.1
94.7 59.4 -71.5 115.3 75.8 -31.2 107.8 33.2 -48.1
-15.1 -51.0 50.4 -15.8 -50.2 48.8 -14.9 -49.5 49.5
-61.9 -26.9 -64.9 -75.6 -62.3 -48.8 -102.7 -39.3 -82.9
14.0 -34.3 -6.8 19.5 -48.3 -12.3 17.8 -41.6 -5.4
36.9 -27.4 34.5 59.3 -31.8 24.6 65.2 -44.0 39.6
-89.0 -45.2 91.2 -91.1 -47.4 86.9 -84.2 -46.6 94.7
-78.2 -63.0 -93.4 -76.7 -65.1 -98.7 -73.4 -58.2 -96.1
34.9 -25.6 9.0 33.6 -18.0 11.8 39.5 -18.1 15.6
84.0 10.3 -66.1 84.3 1.2 -70.1 90.1 15.0 -61.7
40.9 45.5 4.8 51.2 35.8 0.5 51.4 33.5 -1.9
-4.2 -87.7 88.8 16.0 -74.7 111.6 -0.3 -86.3 107.8
88.6 -62.8 97.9 97.0 -72.4 85.1 74.5 -78.2 108.8
-75.2 80.0 -26.4 -67.5 66.1 -10.8 -93.5 44.5 -21.1
18.8 61.1 -55.2 17.6 59.6 -53.7 17.3 61.2 -54.1
-65.3 76.6 33.4 -59.7 81.0 46.8 -64.4 74.6 31.7
82.6 12.0 31.8 82.9 39.0 37.1 75.6 1.4 43.9
65.0 96.3 -94.1 56.6 64.7 -96.1 53.4 68.6 -59.3
-47.0 82.7 5.9 -22.5 62.8 -2.4 -46.6 102.6 4.5
27.1 -42.7 11.7 38.8 -51.2 -8.2 45.7 -51.9 2.0
-45.5 -22.0 -19.0 -69.3 -21.8 -45.6 -85.3 -34.7 -31.3
39.0 -21.9 60.6 14.4 -1.2 47.6 17.8 -3.9 77.9
85.1 14.0 84.6 87.7 10.7 88.4 80.6 17.7 87.7
75.4 33.5 54.0 60.8 12.1 32.3 61.0 49.1 33.0
26.6 92.9 82.8 39.9 111.9 75.7 49.1 105.1 79.7
0.4 55.3 -34.2 1.0 52.0 -33.7 0.8 52.4 -37.3
-88.5 -75.7 -40.6 -87.9 -74.6 -41.5 -87.8 -77.8 -38.3
-89.5 -37.2 -12.4 -67.2 -71.6 -40.4 -75.1 -68.6 -10.9
-49.1 87.6 -64.7 -39.7 89.9 -70.3 -35.1 90.7 -68.6
-10.8 -16.0 52.3 -7.7 2.7 9.3 16.1 5.0 49.3
-48.5 -77.5 18.4 -73.8 -80.3 33.2 -41.0 -89.2 49.4
99.2 -39.9 33.7 97.6 -24.4 24.9 144.3 -22.6 39.0
-7.6 -95.6 12.2 -12.0 -116.4 52.8 -25.2 -130.2 41.7
-69.5 -24.5 -60.2 -55.3 -32.4 -93.0 -55.6 -6.4 -73.3
8.1 63.6 25.2 30.7 89.0 22.4 40.5 75.0 51.7
42.2 65.5 47.9 18.5 92.4 28.8 45.2 77.1 53.9
30.2 22.7 -8.7 24.0 11.5 -19.7 22.1 29.0 -0.5
58.1 -39.7 -29.9 67.5 -19.8 -14.2 44.8 -23.3 -29.1
56.0 -25.4 -60.7 66.9 -27.6 -52.4 48.3 -14.8 -59.9
89.3 -73.1 27.3 60.6 -80.2 42.9 64.4 -69.0 27.0
-53.3 -47.5 90.4 -84.9 -25.8 59.9 -79.8 -25.1 67.2
-93.2 -92.6 99.6 -95.7 -78.9 123.9 -59.9 -102.7 134.6
-63.5 43.8 28.7 -63.0 44.3 28.8 -63.2 43.3 28.7
-29.2 66.0 -33.4 -70.1 87.1 -18.2 -53.2 82.7 -57.9
-17.6 56.3 -27.8 -18.7 56.6 -29.7 -19.7 53.4 -30.0
-20.4 33.9 -70.4 -42.4 37.9 -86.1 -43.9 23.7 -81.7
-59.9 94.6 77.2 -62.1 98.4 78.4 -66.7 103.8 71.5
-58.9 -58.3 88.0 -67.7 -46.4 77.7 -63.1 -67.8 77.9
8.8 84.2 -35.1 0.8 96.6 -9.9 11.8 97.9 -52.7
51.5 91.2 32.6 62.5 113.4 64.7 51.1 110.8 64.5
79.9 14.1 -73.5 107.5 22.7 -51.1 113.4 -16.1 -69.9
82.4 -94.2 -25.9 95.4 -88.1 -44.6 82.8 -96.1 -6.3
70.4 -51.5 -15.1 92.4 -70.7 -8.8 88.1 -53.6 13.8
-99.2 50.4 -69.8 -96.4 47.0 -65.7 -99.1 52.3 -68.1
52.5 44.3 3.9 67.3 69.7 21.9 52.1 34.2 6.8
26.1 56.4 -61.4 31.4 62.5 -61.9 26.3 54.6 -67.2
5.4 4.7 -90.0 24.6 20.9 -105.3 -11.1 3.7 -75.7
-60.7 5.2 31.3 -55.6 11.0 30.9 -58.1 4.6 35.6
85.1 -41.8 81.9 85.6 -41.1 72.8 103.0 -59.0 88.1
92.2 -13.2 92.7 90.9 -11.8 93.9 91.4 -14.8 92.1
-86.0 -85.9 90.9 -87.7 -86.2 93.0 -85.7 -87.4 90.7
94.9 51.7 15.0 109.9 39.1 23.9 77.7 38.7 25.2
-62.3 -33.1 -55.0 -71.7 -26.6 -43.8 -84.4 -6.5 -41.9
86.4 -71.4 40.4 109.1 -59.9 39.7 108.9 -80.7 46.3
-77.5 17.6 -94.3 -56.2 35.7 -104.1 -71.4 40.9 -93.9
85.1 -20.0 57.8 82.0 -31.8 52.1 60.0 -18.4 42.1
43.8 81.1 56.1 39.2 76.8 51.6 45.1 76.3 55.3
-88.7 -70.2 89.2 -94.4 -112.9 111.3 -94.8 -110.9 63.3
33.6 29.3 47.8 30.6 48.4 37.8 46.3 42.5 45.8
63.0 63.3 -12.8 64.6 68.1 -5.1 59.0 57.9 -16.1
91.8 -71.2 75.3 96.0 -71.1 74.8 98.6 -63.8 75.8
84.3 -71.7 -40.0 67.9 -55.8 -22.0 97.1 -89.8 -17.1
-98.9 69.9 -85.2 -85.7 79.0 -89.3 -113.7 83.2 -99.3
55.7 97.2 95.4 43.5 118.9 122.5 47.4 129.5 82.1
-85.2 -21.3 39.5 -71.4 -37.4 26.4 -80.9 -9.0 19.2
46.9 36.2 -83.3 33.0 13.5 -79.4 43.0 41.9 -88.9
7.1 34.9 -51.0 2.5 40.3 -73.4 20.3 60.7 -75.6
-97.0 -83.6 -30.7 -103.6 -72.0 -6.5 -84.0 -100.4 -26.9
72.2 50.0 -2.2 84.8 56.0 -13.6 73.4 41.6 1.6
-45.6 -51.7 85.0 -39.7 -48.6 78.3 -36.9 -57.2 77.7
-35.3 -27.6 50.4 -0.2 -9.0 66.8 -40.5 -18.9 90.0
-74.4 -33.4 -46.0 -70.3 -35.4 -26.1 -94.2 -37.9 -58.6
-56.8 77.9 20.5 -57.8 82.0 17.3 -52.8 78.4 24.2
50.3 -83.8 7.8 61.5 -78.2 -15.3 45.3 -106.4 14.8
-67.0 39.1 93.9 -61.9 55.0 112.2 -53.2 22.4 78.1
-54.6 -45.3 -97.7 -52.4 -46.0 -86.2 -60.3 -36.8 -105.8
-23.8 -92.3 -73.1 -24.5 -92.7 -72.7 -23.1 -91.9 -72.8
-77.5 -33.7 75.4 -69.6 -31.2 79.4 -61.1 -48.1 94.4
79.9 59.0 -34.2 65.1 72.7 -44.8 59.9 27.0 -57.1
-61.7 -70.0 -44.1 -54.7 -70.6 -37.1 -69.4 -78.5 -52.6
-74.9 -24.3 -87.3 -47.6 -0.8 -75.6 -72.8 -11.7 -62.4
-81.1 -2.1 73.1 -68.0 -31.5 56.0 -113.2 -18.5 56.3
79.8 77.4 -90.3 88.5 85.2 -82.0 82.1 73.0 -94.4
56.2 93.3 -22.3 46.7 94.7 -52.5 76.0 128.6 -35.8
-68.2 38.3 -94.7 -68.6 39.5 -70.7 -98.2 63.7 -95.5
39.9 -94.2 26.5 34.0 -99.8 29.9 52.0 -75.6 21.2
-57.1 -77.2 -66.1 -52.4 -84.2 -64.5 -70.8 -93.3 -73.1
45.6 -21.9 23.4 28.3 2.7 11.4 44.5 -40.6 -0.4
19.8 -48.9 -68.2 18.8 -48.0 -66.3 21.6 -48.9 -66.4
-47.7 75.5 -59.6 -47.9 75.8 -59.3 -47.3 75.9 -59.3
-38.4 38.9 0.6 -54.0 51.1 -11.6 -43.4 31.0 -6.0
1.0 -51.2 -76.4 9.7 -56.7 -77.8 6.7 -60.2 -63.6
36.9 -21.6 -13.0 54.0 -16.8 -12.7 43.2 -21.8 -16.5
89.5 84.1 33.9 83.5 70.1 34.0 84.9 48.3 16.4
-9.0 -1.6 -81.3 -8.8 1.1 -86.1 0.1 -8.4 -90.5
-48.1 -9.7 -61.5 -54.2 -13.2 -60.0 -43.6 -10.4 -61.9
-70.1 44.4 -30.9 -62.1 17.4 -29.6 -90.2 42.7 -23.7
-30.6 89.6 64.3 -42.4 96.2 48.2 -29.8 87.8 58.8
-14.8 -21.5 34.0 -5.0 -28.0 60.9 -29.4 -45.0 31.4
17.1 35.5 92.5 17.6 35.7 81.4 -13.7 45.1 112.2
52.1 31.9 1.8 57.3 2.1 4.5 48.9 -7.4 21.3
-22.4 20.7 -77.7 -28.8 35.8 -85.3 -19.3 44.1 -105.1
-55.9 92.1 29.9 -69.1 90.2 39.0 -46.9 89.5 36.8
-35.8 -77.1 -0.8 -32.1 -81.9 -1.9 -38.3 -70.5 9.5
-78.2 -26.8 36.0 -117.3 -45.9 46.2 -94.4 -54.4 35.6
68.7 81.0 -91.1 46.2 62.2 -82.6 28.0 61.1 -101.4
41.3 58.5 37.4 58.7 60.4 31.1 52.8 41.4 51.4
18.8 14.8 -45.1 52.7 -9.4 -49.0 26.9 -23.7 -30.0
33.6 28.9 30.7 13.1 56.9 53.4 7.3 41.8 51.1
59.8 -25.6 46.4 53.7 -48.5 12.1 70.4 -26.2 32.0
34.8 1.1 -8.1 29.5 -1.2 -4.3 41.4 4.9 -9.9
-2.2 28.7 -86.7 0.6 50.2 -69.2 -19.6 32.1 -96.8
-49.7 -56.8 -89.4 -36.2 -43.7 -76.2 -42.7 -55.0 -90.7
53.5 -31.6 -16.1 27.5 -25.6 -25.3 69.2 -35.5 -43.8
-82.9 -97.7 68.9 -89.4 -115.8 85.4 -106.6 -98.6 57.2
-41.6 25.0 -47.8 -53.6 19.9 -46.0 -55.6 6.2 -69.6
-73.0 15.4 78.1 -99.7 16.8 93.5 -94.5 9.7 87.3
97.3 85.3 -54.6 98.3 66.8 -44.6 125.5 102.8 -27.2
-88.7 -39.7 18.7 -90.0 -34.2 22.6 -83.4 -33.2 25.8
49.0 41.2 71.5 60.6 20.5 48.0 72.3 36.1 73.3
61.4 50.5 71.1 90.2 30.4 64.7 62.5 26.4 46.8
-94.9 34.5 66.8 -123.8 62.9 66.9 -104.9 54.6 83.2
-81.9 -23.3 63.6 -87.3 -47.1 83.6 -105.2 -32.2 73.7
-33.9 -34.7 -46.6 -4.8 -28.0 -65.8 -33.6 -50.0 -61.6
86.6 63.4 -49.1 83.9 66.8 -50.3 84.2 61.2 -52.0
11.4 78.0 -3.1 16.1 77.0 5.9 9.2 82.3 -15.3
5.4 -18.0 75.5 34.3 -24.7 40.2 13.9 -45.8 77.9
44.3 60.1 -67.5 29.3 25.7 -79.2 12.8 34.2 -70.6
-81.9 -91.6 26.8 -95.0 -51.2 37.9 -85.2 -63.3 54.5
35.1 39.9 -56.1 27.1 38.0 -68.8 13.1 59.0 -35.8
35.6 -46.9 -47.9 39.6 -51.2 -51.6 38.3 -52.0 -51.1
42.6 -98.5 36.7 12.7 -103.7 53.8 56.1 -91.6 50.2
28.6 59.1 -17.0 4.7 84.3 -43.6 46.4 81.0 -51.1
79.1 64.4 -65.0 79.0 64.4 -64.9 79.1 64.4 -64.9
30.8 59.2 -56.0 44.6 53.9 -32.2 21.3 63.2 -66.1
-85.3 -48.6 55.8 -76.9 -44.0 56.5 -81.9 -35.5 47.6
48.6 -75.3 -87.9 29.8 -105.6 -102.6 17.1 -74.8 -75.1
97.3 -96.7 -98.2 91.9 -92.0 -104.0 101.9 -90.9 -98.8
19.8 82.0 -63.7 22.3 51.8 -85.7 45.3 87.9 -84.7
-31.0 27.7 -22.8 -53.1 37.0 -13.6 -17.9 52.7 -38.9
-88.0 24.8 -76.3 -48.7 -3.1 -82.2 -83.5 14.3 -82.7
41.3 0.6 78.4 12.2 -11.1 73.0 16.9 5.8 107.6
-24.1 -97.3 85.4 -38.7 -99.9 81.9 -18.7 -91.5 75.7
82.0 -41.0 46.8 73.4 -49.1 80.1 79.9 -21.6 80.2
53.2 14.2 -40.0 41.3 2.9 -38.3 72.4 7.6 -61.9
-39.1 60.0 90.0 -56.1 52.7 77.7 -37.8 37.4 110.4
-21.4 -68.5 35.3 -21.5 -71.7 39.8 -21.9 -65.3 36.7
-56.1 56.1 -10.4 -76.0 36.8 -15.3 -51.7 75.0 2.3
88.6 48.5 22.1 89.3 52.4 20.9 91.8 47.6 21.2
-62.9 54.8 50.1 -59.9 53.5 67.4 -67.3 73.8 55.7
-52.6 81.7 -77.3 -55.8 60.1 -51.0 -43.5 82.3 -75.4
-96.3 -67.3 77.7 -76.5 -48.3 85.7 -103.8 -60.0 91.4
-18.3 -84.8 -54.2 -25.2 -79.0 -49.5 -11.5 -78.9 -63.3
-87.4 2.1 73.0 -94.3 -8.2 112.7 -96.7 -32.6 79.3
-60.7 67.8 -54.8 -80.0 33.9 -40.8 -98.1 40.4 -45.3
52.6 -0.1 53.5 15.2 17.2 27.9 13.3 -24.7 50.0
-45.1 43.9 7.6 -46.1 48.6 15.2 -51.8 44.2 15.4
-25.7 89.5 42.9 -29.2 79.4 49.7 -26.2 97.9 52.8
-88.8 -44.2 -12.0 -111.1 -3.9 5.9 -93.2 -31.7 1.9
-8.5 -67.0 -25.1 -8.8 -58.2 -17.2 -6.3 -70.6 -28.7
-17.9 53.0 92.8 18.7 38.0 123.1 0.9 42.6 110.3
68.2 22.6 42.7 76.7 49.2 46.1 81.2 36.7 21.1
-6.4 51.6 38.5 -9.3 48.9 37.3 -2.1 49.1 39.7
-75.6 82.1 25.8 -87.0 74.3 3.3 -86.6 54.8 31.8
36.6 68.3 45.6 36.0 68.5 46.2 37.3 67.9 45.6
-58.9 6.9 -33.8 -59.9 26.0 -46.7 -79.6 32.0 -33.0
57.7 -12.2 -14.0 69.7 6.4 -31.2 72.6 -24.2 -35.1
-86.7 -62.7 61.3 -86.4 -62.5 61.2 -87.1 -62.6 61.6
-92.5 45.5 57.5 -91.9 41.3 52.4 -101.6 51.1 44.4
-27.1 -25.3 -97.9 -27.1 -45.3 -80.3 -40.6 -52.3 -71.6
60.4 -94.8 32.6 49.4 -102.1 30.6 75.0 -76.1 56.9
89.1 37.7 -91.2 81.3 65.4 -62.8 62.4 54.7 -105.5
-31.3 60.5 -35.2 -69.9 58.0 -16.9 -44.5 56.5 -40.4
-54.5 21.0 -21.5 -54.2 20.6 -20.9 -54.2 21.5 -20.9
33.2 -65.3 -55.0 25.1 -68.1 -55.7 38.2 -76.5 -55.3
64.9 -18.0 27.0 86.1 -46.4 35.9 65.2 -50.7 46.2
-58.5 66.9 54.3 -44.3 49.1 68.1 -51.7 70.6 68.8
-48.7 -97.1 -68.7 -54.1 -76.9 -29.6 -82.8 -80.7 -63.2
-31.2 97.6 -90.1 -13.4 91.1 -113.8 -8.1 81.4 -81.6
-18.6 39.5 23.2 -29.2 48.0 33.4 -13.6 45.9 32.0
2.3 45.7 -10.9 -30.9 30.3 10.2 -0.2 37.9 -3.5
13.3 -47.8 -61.5 10.2 -56.6 -67.9 5.7 -37.3 -55.9
-17.1 84.5 40.9 -11.7 79.5 19.9 5.9 66.8 56.6
15.5 66.8 -35.2 15.5 67.3 -34.9 15.6 66.7 -35.5
60.3 -93.4 -43.1 48.0 -47.9 -52.5 35.1 -51.2 -43.1
-6.5 27.2 -42.0 -27.5 8.9 -62.6 -38.3 -8.0 -57.6
83.1 -35.7 97.2 76.2 -38.6 92.5 76.1 -42.7 95.8
94.7 -45.9 4.1 64.2 -76.7 20.4 60.3 -45.9 2.9
79.7 17.0 18.1 75.2 -9.2 48.3 76.8 21.0 47.0
-60.5 56.1 -62.3 -50.6 65.6 -58.3 -62.1 50.4 -62.3
20.5 88.5 62.0 34.4 99.1 80.7 6.8 104.8 61.9
41.8 69.5 31.8 55.3 37.5 50.4 47.9 72.4 16.6
-67.1 -47.5 32.1 -55.4 -77.2 41.6 -74.6 -51.5 56.3
84.1 80.8 49.9 93.9 82.3 47.9 93.9 85.9 46.2
30.6 35.3 -8.9 43.9 27.9 1.2 29.4 65.0 10.3
35.0 17.4 -26.9 23.2 17.8 -24.3 32.4 22.3 -24.3
52.8 -60.3 -10.6 81.7 -75.2 20.2 73.1 -65.4 21.3
90.1 75.0 79.0 90.0 74.8 80.0 90.3 76.3 79.6
-88.9 84.5 75.9 -89.3 57.7 112.4 -65.1 58.9 91.0
-67.4 49.9 60.7 -70.5 48.3 49.3 -57.9 52.7 73.4
41.8 12.0 71.8 33.4 16.6 81.8 31.1 17.0 73.9
-41.3 -10.6 63.9 -30.0 11.1 58.1 -36.4 1.5 66.8
62.9 58.5 27.6 79.8 24.7 -3.3 54.4 58.4 -9.4
7.9 51.0 -17.4 6.4 52.1 -17.8 8.6 50.8 -18.7
29.0 75.0 82.3 27.9 70.2 82.9 24.5 76.8 80.1
-90.8 -60.1 -87.4 -93.3 -41.1 -65.8 -99.2 -75.0 -93.5
-98.8 0.5 -47.4 -121.9 30.0 -69.2 -95.1 10.2 -37.6
11.4 72.0 -91.0 22.5 85.8 -93.3 5.2 88.0 -106.1
66.8 -26.0 70.0 28.7 -39.9 72.9 39.7 -35.8 51.2
-5.9 22.9 -98.7 -27.8 23.0 -132.3 -3.9 12.3 -123.1
3.9 53.5 -46.1 -5.6 53.0 -47.6 15.1 23.8 -52.6
-3.6 29.4 42.2 9.4 41.8 50.9 -15.0 44.6 36.5
-1.4 1.5 32.4 3.4 -4.5 30.3 -0.0 6.4 37.7
89.2 52.9 28.8 93.9 56.1 10.4 73.2 43.4 11.5
12.7 -0.8 -86.6 -22.0 30.6 -69.5 8.4 6.1 -97.0
15.2 -5.2 -77.8 27.2 -37.8 -87.9 37.5 -36.6 -85.8
-24.2 -22.4 -83.8 -48.1 -38.0 -70.6 -31.5 -40.6 -52.3
-61.2 -14.2 78.9 -60.0 -15.6 77.5 -62.6 -14.4 78.9
6.0 74.6 8.5 7.9 73.7 8.0 5.2 74.3 10.0
70.9 81.9 -35.8 71.0 79.1 -36.1 68.6 81.9 -34.1
-78.3 -1.1 -2.8 -87.5 10.8 -15.4 -86.3 11.4 0.1
96.4 -92.2 78.0 123.9 -103.9 85.5 75.7 -106.5 91.4
64.5 5.5 -11.7 83.5 23.2 0.2 67.6 10.9 3.5
30.7 38.0 55.0 14.5 59.2 65.1 61.2 63.8 79.7
-92.8 41.7 30.7 -95.2 -2.3 40.2 -116.4 36.9 48.5
-24.1 5.0 33.5 -47.3 -3.4 52.4 -49.4 6.5 21.6
-56.3 77.0 -70.2 -58.1 74.6 -73.0 -61.7 76.0 -65.2
55.0 -27.3 24.8 63.5 -34.3 20.0 58.1 -27.2 33.3
-75.0 84.3 -27.2 -89.1 107.9 -35.7 -81.3 110.6 -38.4
-67.4 12.8 87.6 -86.5 28.4 97.2 -54.1 31.9 88.9
-29.9 -4.3 -8.0 5.7 -29.3 -27.4 -20.8 -28.2 -0.4
-96.6 -27.7 87.6 -95.6 -50.0 73.7 -77.0 -52.4 112.2
70.4 -76.1 -17.0 54.7 -64.4 -19.0 75.2 -86.8 -27.9
-14.0 -40.8 89.9 -23.2 -47.2 80.7 -16.8 -33.6 86.0
-7.9 67.2 -98.5 -7.4 67.1 -97.6 -6.5 66.5 -97.4
-55.1 -28.3 -4.8 -65.9 -51.1 3.3 -66.6 -13.3 22.1
28.2 35.1 -53.1 -6.0 5.7 -39.6 13.3 -3.3 -34.5
42.8 88.2 3.8 48.9 81.6 10.9 49.4 93.5 0.2
-63.2 6.9 5.0 -43.8 -1.0 47.8 -67.7 29.8 44.5
87.6 -12.2 88.5 75.8 -45.2 105.9 66.9 -14.1 96.3
14.1 -17.5 -10.5 19.9 -4.9 -7.8 4.2 -25.3 -15.6
53.7 -58.7 -4.0 49.9 -60.5 -7.0 49.6 -53.6 -10.8
91.9 40.2 -80.3 93.1 9.8 -72.5 72.5 44.6 -89.0
-76.3 82.3 -1.5 -84.5 93.4 23.4 -92.9 99.1 13.4
-94.1 -54.2 26.7 -95.3 -54.6 27.8 -96.7 -51.7 29.3
-53.5 76.5 -58.3 -53.0 77.5 -58.7 -53.3 75.7 -56.8
13.4 -100.0 -28.7 11.7 -106.6 -32.8 16.9 -102.8 -36.5
15.1 -68.2 -46.5 36.1 -96.2 -77.0 35.1 -97.6 -56.5
-35.2 14.2 -12.9 -45.0 15.0 1.2 -22.8 21.1 -19.8
-47.9 -36.7 -40.4 -62.1 -42.9 -21.1 -60.7 -21.0 -17.3
18.0 83.4 -75.2 38.6 95.4 -72.6 14.6 74.8 -76.0
61.5 99.4 45.5 106.0 106.6 64.1 98.3 109.5 77.8
-3.2 -34.7 -48.5 -3.2 -37.6 -46.0 -3.3 -34.0 -47.6
-74.0 -56.8 37.8 -60.0 -73.9 56.1 -80.4 -56.6 55.9
4.4 9.1 -29.7 -26.7 -19.8 -19.6 7.6 9.2 -31.9
-82.4 95.3 -52.6 -84.6 84.2 -60.2 -68.5 102.4 -96.5
-90.2 72.8 58.5 -64.8 113.0 60.9 -83.7 104.6 30.5
-69.2 86.0 -67.9 -46.7 93.7 -67.5 -59.6 112.3 -58.8
-67.6 54.4 9.4 -77.9 47.9 23.0 -78.7 46.1 9.7
-87.8 61.8 51.5 -85.7 65.5 47.0 -83.5 65.5 50.7
-73.8 23.3 86.5 -48.2 24.7 102.8 -49.5 -1.8 94.2
78.4 -65.6 50.5 56.3 -49.8 85.2 75.4 -23.5 53.5
92.2 -60.0 48.9 82.6 -50.3 37.8 65.6 -82.4 45.2
53.5 -91.6 -64.6 82.6 -66.3 -58.2 85.7 -82.0 -42.9
76.7 -95.9 -18.0 43.3 -124.9 3.7 72.2 -86.5 -2.0
5.8 -29.7 -72.1 47.8 -7.9 -59.9 23.2 -7.0 -91.0
61.6 -86.5 8.7 41.5 -110.0 -18.3 60.6 -76.1 -14.8
3.0 -14.8 63.8 21.6 -0.6 53.4 6.4 -17.6 33.1
94.4 -97.9 13.9 70.8 -71.3 41.5 90.1 -98.9 29.0
58.2 34.2 65.9 65.2 28.9 57.0 67.6 31.1 76.7
-83.3 18.6 68.5 -79.9 22.6 73.0 -85.3 21.1 72.3
23.4 94.8 -55.0 52.6 58.7 -66.9 14.7 54.8 -74.4
-31.6 -21.7 -46.3 -56.8 -3.7 -26.7 -22.8 -0.0 -45.3
-98.7 32.3 -98.0 -106.5 19.5 -75.4 -116.6 59.5 -87.6
-31.1 -70.9 89.7 -58.2 -69.1 117.5 -21.0 -39.3 122.1
26.8 -52.9 -8.7 41.4 -69.6 18.0 64.2 -67.1 -26.2
73.6 28.8 81.4 68.2 36.6 72.8 81.3 23.4 78.3
96.9 88.2 -48.5 66.2 64.1 -42.2 71.5 64.8 -23.0
33.2 57.1 -24.6 38.6 51.1 -20.1 50.6 44.8 -2.9
7.6 86.6 -30.1 4.6 61.0 -18.1 27.4 70.8 -9.6
-51.8 -5.8 -19.4 -49.6 11.4 -24.5 -34.9 17.4 -16.3
71.8 33.5 -42.9 72.0 27.2 -44.5 65.0 25.4 -40.7
96.5 44.3 68.3 77.0 42.8 66.5 106.1 34.1 77.7
35.9 -87.7 -32.7 40.5 -91.2 -37.0 34.2 -82.9 -27.7
-13.8 -49.9 78.6 1.1 -30.6 83.3 -22.0 -55.9 76.7
52.4 36.6 86.6 32.8 74.4 62.0 49.6 59.7 48.5
-96.1 -65.9 50.1 -96.4 -51.8 67.1 -97.1 -44.4 48.7
71.4 44.9 -23.6 56.1 28.5 -40.9 50.8 45.9 -23.9
6.4 69.9 -48.7 3.9 71.8 -45.5 4.4 68.6 -48.4
18.3 -99.6 27.4 16.6 -94.5 31.3 17.5 -103.6 31.3
-50.5 -70.3 -47.0 -80.4 -68.9 -33.6 -62.7 -60.5 -2.4
-59.5 0.6 2.1 -65.3 -11.0 21.8 -43.7 -33.0 15.5
-22.2 -59.0 72.8 -6.0 -51.1 75.8 -19.1 -43.0 74.4
-72.3 12.2 2.9 -72.9 21.7 5.2 -70.3 6.4 -4.6
91.8 78.5 -82.9 87.3 60.2 -81.2 92.7 76.7 -101.9
-93.5 1.8 -70.2 -91.4 0.1 -71.2 -92.2 3.9 -67.4
29.0 -33.4 -16.5 55.7 -22.8 -11.7 59.8 -21.5 -19.1
61.8 0.3 50.2 70.3 -18.7 32.6 43.0 -29.8 16.8
-5.2 -37.0 0.6 -8.9 -15.9 -8.9 23.5 -7.6 -19.3
27.0 -5.3 8.4 12.7 -11.9 7.6 45.7 -17.2 -11.3
-95.2 40.7 41.3 -101.9 11.8 46.3 -80.9 31.9 57.5
79.7 82.2 -71.6 67.8 90.8 -72.8 84.0 87.1 -76.0
-55.2 -40.1 -24.3 -26.8 -67.1 -24.1 -54.2 -56.2 4.3
34.7 -79.8 -51.0 68.8 -49.4 -64.7 66.6 -92.2 -60.4
19.6 -53.2 -9.2 -8.8 -45.0 -14.2 4.6 -45.0 31.0
86.3 36.3 24.6 109.1 55.5 4.7 108.5 49.1 22.8
-84.2 35.2 -24.2 -86.4 27.1 -34.1 -71.1 38.9 -25.0
-8.2 -60.8 -50.8 -7.1 -62.4 -49.4 -7.7 -61.9 -49.8
99.7 15.2 -50.7 128.8 18.2 -26.6 99.4 10.4 -47.5
-53.9 -66.1 9.0 -32.8 -103.5 20.4 -16.8 -59.6 21.7
96.4 -29.2 -51.6 95.3 -33.9 -49.9 100.5 -26.1 -54.7
-66.6 -47.9 74.6 -67.0 -47.6 74.7 -66.9 -47.6 74.5
-80.7 19.8 -63.2 -63.0 20.4 -60.3 -64.1 13.3 -94.8
-36.5 -48.5 57.7 -42.9 -37.3 63.4 -21.4 -39.7 57.7
74.3 -17.9 -47.9 57.4 4.9 -64.3 63.0 -34.7 -37.6
-2.4 -70.0 -33.4 5.5 -96.8 -9.8 12.7 -73.5 -43.7
96.5 68.1 88.5 107.4 72.6 100.2 88.8 78.1 105.4
-46.7 -31.2 -34.1 -62.6 -62.4 -65.4 -53.2 -40.9 -50.6
-31.8 16.3 -8.8 -14.1 54.5 -1.8 5.3 31.6 -18.0
-10.2 -42.3 18.2 7.9 -42.7 26.5 -20.5 -31.0 30.3
94.7 36.3 83.1 92.7 37.9 84.6 95.9 38.0 84.2
83.9 34.3 -6.3 107.0 33.3 -17.9 88.3 31.1 8.8
-23.2 -79.1 -0.5 -23.8 -76.3 -1.8 -25.1 -78.9 -1.3
-67.7 -97.9 -34.4 -57.7 -121.7 -61.2 -54.3 -109.3 -62.2
55.8 -62.8 -46.3 57.5 -52.8 -57.6 52.8 -52.3 -40.6
58.5 94.0 -89.6 67.3 86.8 -85.7 42.5 103.8 -93.6
-48.5 90.5 7.4 -73.7 83.5 9.1 -61.2 59.4 35.3
-22.1 35.7 96.0 -13.8 24.8 101.2 -13.2 34.0 99.8
49.5 -23.1 82.5 51.0 -17.2 74.7 43.9 -15.6 87.9
23.4 19.4 -42.2 22.5 20.7 -43.5 23.9 18.9 -43.2
-43.1 -50.2 21.0 -36.9 -77.4 -12.0 -61.3 -89.4 24.5
-30.5 -71.1 74.9 -33.5 -67.8 83.5 -32.2 -63.7 81.8
42.9 68.1 -23.0 33.7 66.7 -31.7 34.0 60.8 -25.7
45.3 -58.9 -81.3 63.0 -42.2 -69.2 71.5 -20.1 -66.5
71.4 -82.4 14.2 102.2 -70.2 -12.6 81.9 -92.3 2.1
49.7 -66.5 -87.1 46.0 -75.2 -89.4 67.5 -67.3 -108.8
6.9 84.3 -33.4 15.6 99.1 -22.4 16.5 85.4 -28.6
-96.3 -85.5 91.7 -96.3 -93.0 96.8 -90.6 -94.4 85.8
32.0 61.2 -20.9 43.0 58.2 -4.3 47.7 56.1 -5.6
-79.7 59.7 8.6 -74.7 71.7 11.7 -88.3 59.6 -4.1
42.8 32.5 -66.4 22.6 8.6 -82.0 19.2 4.5 -51.9
-19.7 -49.9 33.5 -19.8 -49.8 33.4 -19.8 -49.9 33.5
-20.0 -95.6 6.3 -45.8 -94.7 12.6 -27.8 -68.2 15.7
1.3 -2.2 92.5 32.4 12.9 67.6 26.6 -3.1 88.0
-10.1 47.3 96.2 -15.1 50.1 86.5 -0.2 34.8 101.6
-97.0 51.3 64.2 -71.4 39.9 61.0 -91.9 62.6 68.4
-59.3 11.5 -90.3 -56.6 21.7 -67.0 -62.5 9.7 -92.3
85.3 9.8 -97.5 72.1 34.4 -124.9 84.0 23.1 -119.0
82.7 -64.6 74.5 79.9 -62.0 66.5 98.8 -79.4 54.2
67.7 64.9 -13.1 71.1 73.7 -11.8 70.4 61.0 -23.9
68.6 48.3 -88.2 69.2 49.2 -88.2 69.4 47.6 -89.0
48.6 -2.8 -58.1 48.0 -3.3 -66.3 53.8 -5.6 -63.4
-14.4 -91.8 99.1 -2.0 -96.4 62.5 5.0 -70.5 80.8
95.3 -84.4 -87.6 95.3 -82.2 -88.7 95.5 -84.6 -86.5
-3.5 5.5 -71.6 -0.8 3.5 -75.4 -3.2 5.2 -67.7
-61.1 32.5 -78.5 -30.9 14.9 -105.7 -43.4 38.7 -101.5
-35.9 0.7 13.6 -23.4 -16.6 -11.9 -43.4 -15.1 26.6
-90.1 -89.0 32.6 -82.1 -78.8 37.6 -86.1 -79.6 25.8
31.6 -26.1 51.5 19.0 -25.0 37.3 17.1 -33.4 54.6
87.0 -1.0 65.7 92.0 3.2 59.1 95.9 -11.2 66.1
-95.7 76.3 -25.4 -102.7 63.6 -15.8 -84.4 80.8 -18.6
-22.6 39.8 26.7 -28.3 53.0 41.2 -27.0 53.8 3.2
13.1 17.3 -65.4 14.6 18.1 -64.8 12.1 17.7 -64.5
15.2 -58.5 -94.1 -2.1 -36.8 -76.7 36.8 -39.5 -91.1
6.7 62.5 -19.8 -5.4 51.5 -42.2 38.4 62.2 -46.7
69.3 43.0 23.2 39.3 56.0 45.3 38.5 49.0 44.3
62.8 -47.3 -83.1 48.9 -65.4 -88.5 61.3 -58.8 -84.4
12.3 -48.8 3.0 -10.5 -30.8 19.8 -14.7 -33.7 -9.3
-13.0 33.6 0.8 -32.2 37.2 8.8 5.7 37.8 -9.3
55.4 57.3 99.8 55.6 57.4 99.3 56.5 55.9 99.8
85.7 -45.2 -17.7 78.3 -38.2 -9.7 72.7 -37.3 -16.1
-3.6 26.7 -37.1 6.8 38.3 -38.7 -1.2 36.3 -48.8
-70.1 -25.3 10.0 -58.0 -35.2 19.3 -75.5 -37.7 19.6
-20.8 55.4 -73.4 -25.1 48.9 -83.2 -32.4 49.4 -90.7
-50.2 55.4 55.5 -50.4 64.8 57.9 -39.6 54.8 55.0
-80.9 -72.0 36.9 -74.8 -89.3 42.7 -80.7 -77.4 43.8
-85.5 78.3 -30.7 -74.0 74.2 -7.6 -54.3 67.8 -9.9
-31.1 -81.1 95.6 -27.6 -92.7 85.3 -46.4 -94.3 97.8
-95.1 -22.6 -76.5 -110.6 -6.1 -66.4 -131.0 -18.0 -80.1
-26.2 94.9 57.6 -26.9 85.8 56.8 -34.6 81.2 56.9
-46.0 24.0 94.4 -76.5 1.3 114.5 -40.0 13.6 92.1
84.2 67.5 19.0 76.9 73.9 21.9 71.6 74.8 9.8
-82.9 -11.1 -29.7 -87.8 5.6 -45.0 -71.9 -19.8 -42.4
9.8 9.7 -79.1 4.4 36.9 -77.2 -6.8 13.2 -57.4
-45.6 83.4 56.9 -38.5 87.4 50.8 -45.8 88.2 65.2
-37.1 -59.5 -56.5 -56.5 -57.8 -71.4 -54.6 -65.6 -60.5
-30.9 38.2 -92.9 -61.3 41.8 -117.4 -33.6 34.6 -122.6
10.8 -59.5 0.4 -4.7 -62.0 -3.1 -6.8 -74.4 6.0
33.8 51.2 -75.1 29.6 72.2 -99.7 36.3 45.0 -80.6
43.0 23.7 -20.6 38.5 27.7 -18.6 37.8 23.1 -17.7
34.4 5.2 -23.5 8.9 19.5 -42.1 1.8 5.7 -58.8
37.7 -56.1 3.1 54.6 -20.5 33.5 53.9 -31.5 -7.4
29.2 -53.2 28.7 20.1 -48.7 35.5 -4.2 -34.3 51.5
-87.9 61.8 -63.6 -87.6 65.9 -61.9 -87.6 65.3 -65.1
-66.1 86.7 -52.7 -75.7 89.7 -42.9 -52.0 80.8 -47.9
79.3 44.3 39.6 78.4 44.9 38.7 79.5 45.2 40.2
-3.6 -10.0 95.1 -1.6 -20.4 96.1 -10.6 -4.2 93.7
79.9 -72.6 84.1 85.1 -67.2 97.3 78.7 -69.3 75.1
-71.6 -57.5 -1.4 -74.9 -45.2 -8.1 -72.2 -59.7 -10.1
-27.5 -27.0 -15.4 -33.4 -29.7 -31.9 -14.0 -19.7 -6.7
73.4 16.1 71.2 75.1 13.9 70.4 73.4 21.9 63.5
92.7 70.3 -16.1 92.5 69.6 -16.9 94.1 72.0 -14.7
61.1 -86.8 -68.9 98.0 -55.5 -80.8 88.2 -97.7 -74.4
-50.3 -25.6 -63.2 -53.2 -22.4 -71.3 -46.0 -15.7 -55.4
-99.4 -32.2 97.3 -105.8 -18.1 103.0 -109.3 -44.2 104.4
27.3 77.2 -43.7 28.7 86.3 -53.1 27.2 83.4 -45.8
11.5 15.5 42.9 -8.1 -2.0 55.0 -2.8 35.6 54.4
-35.9 -71.2 -23.5 -36.1 -71.1 -23.3 -35.8 -71.4 -23.7
-14.0 -83.0 -54.0 -31.4 -54.1 -33.0 -28.1 -89.8 -47.3
45.8 -35.3 -62.9 35.6 -63.2 -45.2 9.3 -41.0 -56.9
65.0 -79.8 14.1 69.1 -96.4 -0.1 65.3 -67.6 2.8
-22.7 58.7 90.9 -40.3 61.8 105.9 -7.2 74.2 81.2
-21.6 -88.7 15.8 -33.9 -74.2 23.7 -13.6 -100.3 7.1
9.3 17.1 31.4 -10.9 5.0 22.7 21.3 15.7 24.9
18.5 -55.2 35.1 1.0 -66.0 26.5 -11.5 -64.2 -3.1
-39.0 52.2 -80.8 -47.9 28.7 -101.3 -64.4 51.2 -82.1
-25.3 10.6 9.7 -39.7 11.8 22.6 -24.3 10.1 2.4
55.5 29.7 -72.1 48.8 2.9 -91.7 46.9 15.2 -60.3
92.5 -85.0 -66.2 104.1 -102.6 -69.2 115.5 -95.1 -42.2
-74.5 -22.0 81.3 -115.7 -26.4 64.3 -88.5 -23.5 65.7
-61.1 46.3 38.6 -76.2 30.9 35.2 -48.8 50.0 54.6
-42.2 -4.3 -19.4 -45.3 -4.3 -26.2 -46.5 2.5 -12.1
10.8 -77.6 0.1 7.1 -80.1 -0.3 9.5 -77.5 3.4
-94.9 87.3 -33.0 -90.1 125.7 -29.4 -98.8 127.0 -7.9
-28.4 -85.3 -99.8 -6.2 -56.0 -125.7 -24.4 -76.7 -116.5
-67.2 -14.5 96.8 -63.8 -7.6 76.6 -74.0 -12.2 83.8
-8.2 -51.6 14.8 3.9 -44.5 26.1 -10.8 -53.9 28.3
45.0 18.1 22.9 25.1 24.1 29.9 48.4 -0.4 9.0
79.3 -44.0 33.3 74.7 -45.3 33.5 76.6 -39.8 26.9
-53.4 -76.5 76.9 -55.4 -75.8 73.0 -56.3 -72.2 76.6
92.8 10.4 -26.9 103.4 -4.6 5.0 116.5 -24.0 -10.5
-91.4 -98.2 -81.6 -72.5 -95.4 -95.2 -94.6 -92.9 -86.5
12.2 -27.5 1.2 -7.2 -4.9 -20.8 21.1 -18.3 -0.9
-59.1 -64.2 -68.5 -56.6 -65.9 -65.4 -62.1 -68.0 -64.3
-21.9 60.5 -26.0 -16.2 21.5 -14.5 -0.1 63.7 -20.4
97.0 -61.3 97.8 95.2 -60.0 99.6 94.9 -58.3 98.1
-10.5 -8.8 34.0 6.6 -6.9 12.4 18.4 -1.6 49.0
-54.2 63.7 20.5 -54.5 67.9 18.5 -49.6 64.0 27.3
93.2 76.7 -80.3 77.8 98.3 -94.8 92.7 84.7 -60.5
-35.5 -85.0 -56.3 -42.3 -77.3 -67.3 -60.0 -78.2 -50.9
54.3 50.7 52.1 51.5 69.1 75.9 47.2 34.6 78.4
-13.2 -50.0 54.0 11.6 -71.9 33.1 13.4 -31.9 26.9
48.3 -15.9 35.0 64.1 -13.1 49.8 46.0 -27.3 52.8
71.5 -67.5 -84.2 73.6 -63.4 -83.3 73.6 -62.4 -88.4
-70.1 -40.9 -6.7 -45.5 -56.0 -4.2 -56.9 -58.8 -15.5
42.8 70.5 -89.9 29.7 77.8 -82.2 54.6 61.4 -75.2
31.5 -95.4 -30.6 30.4 -96.0 -29.6 31.8 -94.4 -30.1
96.9 -47.5 -85.3 101.0 -52.1 -91.6 85.2 -61.6 -84.8
-49.1 -18.0 11.9 -52.4 -18.8 9.2 -46.8 -19.5 10.7
10.3 -32.2 -76.1 -3.6 -56.9 -60.5 -10.0 -19.7 -66.9
56.7 -31.2 57.3 62.5 -14.3 63.0 74.1 -45.0 66.3
-80.5 83.9 7.2 -111.2 80.3 7.7 -80.4 62.8 17.2
-25.6 -91.1 -15.0 -25.5 -102.4 -19.1 -34.3 -81.4 -4.5
53.1 -63.0 7.2 81.2 -58.4 14.2 80.4 -98.4 -0.4
96.9 15.6 -73.0 73.8 11.6 -88.2 59.7 3.1 -76.5
70.6 76.6 91.6 68.7 76.4 97.7 71.5 90.0 108.6
92.8 -35.7 30.7 82.2 -6.2 -4.4 75.2 -41.1 11.1
-63.6 88.7 44.8 -60.1 83.9 17.0 -64.4 85.2 50.2
78.3 -27.4 79.7 93.5 11.3 67.3 116.8 -18.0 70.2
-83.2 -95.4 -58.3 -94.2 -103.8 -39.1 -82.9 -101.4 -57.6
81.0 -89.2 28.2 100.4 -63.8 27.5 91.0 -62.3 6.1
63.7 78.5 -96.2 57.1 58.2 -67.3 58.1 62.7 -73.7
-23.9 63.7 36.6 -56.7 82.1 21.2 -59.7 91.8 19.2
87.7 -25.3 32.0 62.2 -22.1 51.6 75.3 -29.0 30.1
14.2 -89.3 55.0 41.3 -91.3 68.3 41.0 -84.2 50.0
44.6 98.1 23.0 21.5 93.4 -1.4 53.7 73.4 1.1
-6.6 17.8 24.9 -42.0 21.0 10.4 -3.3 6.2 11.3
-64.3 6.3 3.4 -57.1 10.0 2.7 -58.9 -6.8 4.1
-94.8 57.6 83.8 -128.1 69.4 79.8 -122.9 77.7 105.3
89.3 -94.5 -98.3 79.1 -63.5 -133.5 66.4 -72.1 -120.2
-73.2 62.4 -88.2 -89.5 82.4 -99.2 -52.7 89.1 -74.5
-92.0 -37.8 27.5 -117.3 -48.9 51.9 -115.3 -60.8 28.9
25.2 66.4 32.6 26.2 65.4 32.3 24.9 66.1 32.9
-51.3 -95.8 34.7 -86.7 -118.2 29.3 -53.0 -127.1 44.0
38.0 -28.5 80.9 40.9 -23.5 79.2 35.3 -27.1 80.9
79.4 25.9 81.6 74.3 24.1 84.2 71.2 18.4 74.2
26.9 16.5 -56.6 22.0 13.3 -56.9 25.9 19.2 -54.7
27.7 48.9 -35.0 37.0 50.0 -31.9 22.6 55.5 -40.0
71.8 67.2 47.7 80.8 74.3 60.1 70.3 78.8 38.7
28.1 -20.4 -83.1 26.9 -16.8 -102.3 46.1 -40.6 -73.1
-39.8 -13.5 84.1 -25.9 -26.4 115.2 -51.6 -7.2 101.0
-68.6 -26.6 1.3 -63.1 -27.6 6.2 -63.6 -21.4 5.3
25.7 91.1 -23.0 18.3 83.3 -38.4 19.3 81.2 -38.3
77.9 5.4 50.0 77.6 5.7 50.3 77.6 5.0 49.9
11.0 41.7 32.7 39.1 52.5 68.1 26.3 40.4 57.3
-70.1 -78.3 95.2 -73.2 -77.6 95.7 -72.6 -75.4 97.3
-12.0 89.6 47.5 -11.8 119.0 19.0 -47.3 85.8 30.2
-67.5 -78.4 44.7 -88.1 -70.7 38.8 -86.9 -84.8 52.2
74.4 35.0 21.4 57.5 -0.6 23.4 35.6 28.6 22.2
-63.9 46.6 74.2 -55.9 50.4 82.2 -62.6 57.4 82.8
-7.2 64.4 -33.4 18.1 43.5 -5.6 10.7 72.2 12.2
-27.1 24.8 47.1 -45.7 10.1 43.5 -22.0 36.6 29.1
-21.5 38.0 -63.0 -25.1 41.2 -67.6 -18.1 36.9 -60.2
56.4 41.3 89.4 44.5 67.2 110.2 61.4 51.0 88.3
38.9 46.4 -6.9 32.6 34.9 0.8 45.3 53.6 -6.2
-51.9 -70.2 34.8 -50.3 -72.0 33.7 -50.2 -68.2 35.4
55.0 43.9 35.6 51.4 35.3 25.9 49.2 47.9 40.4
18.8 83.7 -85.0 36.2 74.0 -67.3 24.3 60.1 -80.0
-53.0 -38.9 39.6 -72.5 -45.9 17.8 -54.9 -53.9 14.1
34.0 23.5 -3.1 11.9 26.0 -25.5 13.8 36.5 6.5
-12.5 69.4 16.6 7.6 78.5 57.5 1.6 107.8 27.9
80.6 -49.2 59.2 74.7 -45.7 69.6 88.0 -45.2 47.2
86.9 16.9 -43.3 79.9 21.3 -52.6 72.4 25.8 -48.0
-21.2 -64.2 -62.1 -1.5 -78.6 -22.5 13.7 -58.8 -55.4
86.8 -62.7 42.0 99.1 -73.3 24.4 74.8 -44.0 18.3
-10.3 45.4 -8.4 -5.1 61.5 7.1 -12.1 65.9 0.5
63.2 87.0 -34.1 61.7 79.4 -33.3 72.5 83.8 -30.4
14.5 23.8 39.1 40.3 -2.8 40.2 2.4 19.3 44.8
-5.4 -13.5 42.3 -21.7 -22.5 30.4 -13.8 -23.1 45.3
56.7 -81.8 -18.0 53.6 -87.5 -23.8 80.1 -98.7 -3.0
15.2 -80.2 -96.2 34.8 -94.2 -109.6 36.3 -79.4 -107.1
87.4 27.1 20.3 73.5 53.2 -3.2 107.4 35.2 24.3
82.2 -18.4 36.8 76.1 -9.0 52.2 87.7 -17.7 29.0
53.8 6.0 42.8 67.2 2.2 45.5 46.8 -1.9 31.8
-53.5 52.0 -19.8 -45.0 26.9 -42.8 -63.6 33.7 -2.5
40.9 -13.3 87.2 75.6 7.5 65.2 61.8 -17.7 65.3
81.9 -35.7 7.4 78.6 -40.2 9.2 85.9 -38.8 6.0
25.7 87.1 85.1 44.5 84.0 67.9 37.0 80.1 69.2
-99.6 -42.5 44.2 -112.9 -49.9 57.5 -103.5 -58.8 33.6
32.4 -73.9 9.2 36.1 -75.6 -1.3 28.7 -77.1 2.6
98.5 -38.6 24.0 74.6 -41.7 -2.2 80.2 -61.5 27.8
-53.3 86.4 -72.8 -47.8 89.7 -68.5 -50.5 81.0 -66.8
65.2 35.4 61.8 75.8 47.8 67.7 78.4 23.9 44.5
28.4 15.0 53.8 40.8 24.1 22.9 55.6 44.6 40.1
52.3 37.4 -14.2 74.7 26.3 0.7 59.8 3.7 10.4
55.4 -89.4 -67.6 42.6 -95.5 -65.9 71.7 -101.8 -57.7
-54.4 -61.3 94.5 -45.8 -65.9 104.1 -44.9 -68.1 102.8
-84.6 -5.2 -6.5 -77.0 -34.3 -34.5 -94.6 1.6 -32.1
-79.0 8.1 -61.8 -62.5 -3.7 -81.7 -85.6 -10.2 -70.8
-32.6 44.9 -22.9 -56.8 37.7 -52.1 -49.7 27.6 -25.6
92.2 38.5 68.9 91.2 44.8 63.2 91.9 41.3 74.4
-16.9 27.0 -78.3 -44.3 17.2 -48.1 -34.4 -5.3 -79.9
17.5 -7.3 13.7 6.2 -36.6 6.3 3.5 -29.0 52.8
77.3 7.9 -67.9 76.1 8.3 -83.7 88.0 5.3 -59.1
25.4 68.6 -87.7 -6.4 87.8 -110.6 29.8 83.0 -78.7
-65.0 -59.2 -64.5 -58.7 -66.2 -49.2 -80.6 -64.0 -51.3
-76.8 -32.0 -53.6 -95.5 -45.8 -38.9 -51.3 -50.9 -45.8
-19.2 24.5 -62.4 -21.6 21.6 -60.5 -16.5 25.4 -62.8
2.7 -80.4 -23.9 1.9 -104.9 -24.4 -20.5 -83.1 12.7
-36.2 44.0 -29.6 -36.1 44.0 -29.7 -36.2 43.9 -29.6
-42.0 24.9 -12.4 -41.6 17.6 -18.7 -45.2 31.4 -8.9
-49.1 -8.3 -53.6 -48.7 3.8 -51.3 -65.5 -21.6 -68.9
-47.8 70.4 17.3 -81.0 70.5 11.3 -49.3 96.2 -7.1
-68.3 23.5 -94.0 -65.1 19.8 -95.6 -67.2 25.5 -92.4
-61.3 -33.3 94.8 -56.5 -40.7 107.5 -55.4 -42.7 82.0
-90.0 -13.4 -72.8 -91.0 -17.4 -68.7 -87.0 -12.9 -70.6
2.4 -71.5 13.1 -1.3 -72.2 18.5 4.0 -78.7 14.3
27.7 9.6 36.4 45.5 4.2 45.2 44.5 -6.3 50.7
-64.7 58.4 73.3 -88.2 53.1 43.2 -92.2 42.4 76.7
1.4 39.9 63.3 -33.7 59.6 85.7 -5.0 50.6 101.2
-93.0 -99.9 -91.3 -66.8 -70.8 -108.6 -74.1 -68.8 -94.3
-90.0 29.9 30.4 -85.0 4.0 3.5 -74.7 1.6 34.6
-19.4 19.9 62.5 6.5 5.4 39.2 -5.9 26.2 52.2
61.2 -82.8 -21.1 30.0 -84.3 -3.7 29.7 -46.6 -17.8
-7.5 -27.9 -76.6 -5.9 -27.7 -82.4 -2.0 -25.7 -72.7
96.4 -78.3 -46.0 104.7 -87.3 -44.9 89.4 -65.9 -57.9
3.4 -73.3 -6.9 2.9 -45.5 -29.8 -10.4 -39.0 -31.7
-73.7 -75.1 -87.3 -74.2 -75.6 -87.3 -73.9 -75.8 -88.1
-82.1 -22.9 5.2 -86.3 -17.2 7.5 -79.7 -26.2 6.5
-91.9 61.9 -60.2 -108.4 56.0 -57.5 -101.1 67.9 -59.1
-56.6 -29.2 -90.6 -56.1 -16.6 -91.9 -68.4 -31.7 -86.4
90.0 45.5 28.3 65.6 47.4 20.0 105.4 29.6 33.2
-24.3 49.9 -67.4 -19.2 46.8 -65.8 -29.0 52.6 -73.7
99.1 72.9 -63.9 98.8 72.7 -63.9 99.2 72.7 -63.6
-49.3 64.5 95.4 -25.6 67.9 77.2 -63.3 54.1 90.4
86.8 6.8 -99.2 116.2 -17.4 -97.9 86.1 3.1 -124.5
-80.2 32.5 48.3 -56.3 19.0 68.8 -79.7 33.3 53.0
-17.9 90.4 78.8 -51.4 67.6 88.2 -14.4 79.0 64.8
-80.4 4.2 -42.6 -72.6 4.6 -36.0 -73.3 5.2 -33.1
-80.3 -67.1 79.8 -80.0 -64.6 76.4 -82.5 -68.9 80.8
-56.9 -74.4 67.3 -51.0 -66.8 78.5 -70.1 -89.5 46.9
13.2 -5.2 73.9 17.4 -4.0 92.0 9.4 -10.7 70.3
29.0 -32.6 10.6 29.7 -67.0 32.5 8.7 -64.1 16.3
36.5 4.6 54.7 35.4 4.2 55.5 35.9 7.6 55.6
-82.4 -82.7 5.5 -89.0 -79.0 16.2 -78.8 -93.4 4.0
36.3 -32.1 -84.3 37.3 -31.9 -84.3 37.6 -31.2 -84.0
45.7 -74.8 40.6 32.5 -75.0 29.7 50.7 -63.5 29.5
76.8 -35.5 86.6 76.2 -28.2 75.3 74.0 -41.9 77.4
-52.6 40.8 -71.9 -50.4 37.4 -73.1 -55.4 36.6 -75.1
55.0 -81.8 -47.8 54.1 -80.6 -47.8 54.5 -81.8 -48.3
21.7 72.4 -66.9 10.6 97.4 -54.7 6.7 53.9 -73.8
-32.0 28.7 -49.6 -39.5 20.8 -56.9 -45.0 35.0 -45.7
-10.1 -19.5 46.2 -13.6 -34.9 54.6 -21.3 -10.9 39.1
-7.5 -44.6 -66.2 -21.4 -52.7 -70.5 -12.5 -38.0 -57.6
59.5 64.1 -69.6 17.8 55.2 -90.0 19.2 51.2 -69.9
3.0 8.9 -64.2 2.3 6.2 -63.7 3.3 9.7 -62.3
-61.5 65.5 -3.2 -61.0 66.6 -3.0 -60.6 64.3 -2.9
-35.3 -55.2 -73.0 -51.0 -33.4 -57.1 -44.7 -29.8 -102.3
23.9 25.5 -77.7 50.4 29.8 -65.5 34.4 30.2 -50.0
91.3 31.4 -70.2 73.6 44.7 -93.9 73.6 55.9 -56.1
16.0 -96.7 -7.9 18.1 -85.3 11.2 16.7 -63.9 -32.4
-23.9 -48.8 22.4 -5.8 -31.7 34.4 -46.3 -48.7 13.5
-86.0 -96.5 -1.5 -69.5 -63.3 -22.4 -77.4 -88.3 2.6
74.0 -88.5 -50.2 54.3 -77.6 -54.7 42.8 -97.6 -51.9
91.2 73.0 81.0 81.3 112.7 103.6 100.3 101.4 103.3
-61.6 20.4 91.5 -36.8 43.3 74.9 -58.1 10.8 81.2
72.1 77.6 -79.0 39.9 97.2 -91.9 78.2 78.3 -68.5
73.0 73.0 -17.3 63.7 66.6 -16.7 89.6 63.6 -22.7
9.8 -77.8 32.3 16.5 -70.8 36.3 15.5 -76.4 39.7
56.0 -100.0 29.9 86.4 -104.8 52.5 76.8 -69.2 21.6
94.2 -16.6 -52.5 93.8 -17.9 -57.4 99.7 -21.3 -52.9
64.7 -14.8 -41.5 72.6 14.4 -51.1 57.5 5.6 -15.7
61.7 -93.1 40.5 42.5 -91.0 64.4 33.7 -101.5 63.8
3.5 -19.5 -43.7 1.8 -8.5 -22.8 7.2 -10.0 -16.4
3.1 78.4 -94.8 3.0 78.0 -95.4 3.5 78.6 -94.2
-60.3 22.0 -14.3 -62.8 30.9 -3.5 -67.0 32.7 -25.7
-95.6 -73.2 -26.6 -89.3 -74.7 -45.3 -96.8 -93.1 -18.6
-57.6 -32.1 12.0 -58.1 -32.5 11.6 -58.0 -32.8 12.5
36.2 93.3 19.3 63.7 99.5 -6.7 79.4 115.9 13.6
-42.3 -3.3 -55.8 -57.9 -0.4 -58.2 -24.2 18.3 -56.2
73.8 -87.8 -82.3 60.2 -74.9 -68.5 54.4 -71.0 -80.3
65.9 88.8 -40.4 106.2 75.6 -22.0 74.7 71.3 -32.3
43.6 -95.8 46.5 14.1 -82.3 17.4 42.4 -109.4 6.6
22.0 -76.3 -43.8 38.8 -89.0 -29.0 29.8 -62.8 -54.5
12.7 -3.7 72.6 31.0 -3.2 96.0 36.2 15.5 101.8
47.2 -31.2 -8.5 40.3 -30.2 -26.8 74.9 -19.6 -23.3
-43.2 -36.6 58.7 -21.9 -66.3 53.7 -49.8 -33.6 75.7
81.1 -13.1 72.4 74.9 -16.3 104.9 78.3 -36.6 102.5
38.3 61.2 -26.6 32.6 56.6 -22.6 42.7 52.3 -24.4
71.1 -98.8 -66.2 52.6 -112.2 -92.0 68.4 -93.9 -71.5
32.2 96.2 39.7 42.3 85.2 49.8 19.2 95.7 23.5
-76.1 51.0 68.3 -66.4 63.7 54.9 -86.4 51.6 59.2
-23.1 23.3 30.2 -28.6 59.9 38.9 -8.2 42.5 -2.5
24.1 47.8 74.4 -8.1 39.4 64.7 6.3 10.3 95.5
53.7 12.1 54.1 16.8 -1.8 54.5 43.8 12.6 29.5
-36.9 5.5 -91.3 -35.5 3.7 -91.9 -34.8 6.8 -90.2
-89.5 18.6 -51.7 -112.0 -3.5 -44.0 -88.5 14.7 -41.9
42.0 -41.8 -81.0 39.8 -19.2 -97.6 71.2 -32.5 -65.8
72.9 14.9 -56.0 71.8 13.5 -56.1 73.3 15.7 -55.2
-59.8 -93.6 -57.3 -78.0 -124.4 -70.6 -55.5 -105.9 -69.8
80.3 -73.3 -42.9 77.3 -73.9 -41.1 81.4 -75.2 -41.1
78.3 45.7 -23.2 82.2 49.2 -3.1 70.2 42.3 -26.8
39.9 -67.2 -73.0 37.5 -69.9 -70.5 39.9 -66.8 -74.2
68.9 -56.4 68.5 80.8 -52.3 77.2 74.5 -61.8 82.8
45.0 56.2 -65.7 56.3 68.2 -95.3 57.2 34.6 -81.6
27.8 16.5 -94.8 16.7 23.3 -49.0 41.8 40.2 -88.8
-96.1 -51.2 -90.4 -70.2 -51.3 -121.2 -88.8 -76.5 -92.7
2.1 -64.9 50.8 -28.6 -70.6 26.4 -44.2 -73.9 41.3
-80.0 -96.9 -61.2 -77.0 -94.0 -60.1 -83.0 -97.8 -61.9
-62.3 -4.9 -38.1 -26.9 -4.3 -42.6 -47.4 6.8 -30.5
-29.3 -38.3 -13.7 -14.3 -24.3 4.0 -42.4 -46.2 0.8
31.0 84.0 86.7 -3.1 107.5 97.3 10.5 80.2 93.3
-21.7 51.4 -1.7 -33.1 65.0 -13.8 -3.1 45.0 -20.6
60.6 -47.4 38.7 52.4 -46.1 38.9 64.7 -41.7 39.8
19.0 85.6 -2.9 33.0 106.3 29.8 2.2 91.9 28.9
-30.2 41.3 -18.7 -9.9 59.6 -21.6 -26.3 37.0 -13.9
-8.7 54.9 40.2 -21.7 57.9 31.4 -21.0 58.6 35.3
24.3 -2.5 30.9 17.4 1.7 46.7 21.6 11.4 33.1
43.7 80.0 -60.3 53.4 102.5 -30.0 55.7 82.9 -53.8
42.8 -18.1 4.2 61.2 -6.9 12.3 71.3 -24.8 4.3
91.9 73.0 4.6 114.9 103.1 23.2 109.8 100.2 27.4
94.8 -10.6 52.8 79.3 -15.3 40.4 92.4 -23.4 52.8
-61.5 45.7 -93.2 -46.5 35.1 -108.9 -57.9 34.6 -111.5
-92.2 76.0 -78.6 -87.0 62.9 -75.5 -107.4 87.3 -81.2
15.4 45.5 -29.3 13.0 50.4 -24.6 14.9 44.9 -32.5
-18.7 -71.4 -98.1 -17.0 -87.5 -87.2 -4.9 -54.7 -70.1
-83.9 94.6 -88.2 -76.9 97.8 -64.2 -98.5 100.6 -73.0
69.7 40.4 27.3 47.5 25.5 28.1 46.6 47.2 49.4
99.8 42.3 -67.9 114.8 50.9 -56.6 105.0 42.6 -63.3
75.9 51.7 -52.8 61.1 55.0 -75.4 58.5 68.1 -39.1
-30.8 53.0 90.4 0.2 33.2 64.2 -36.5 48.1 80.7
53.9 -89.1 -53.7 61.0 -73.9 -68.1 69.4 -70.1 -40.5
19.9 -44.4 -85.3 16.4 -46.3 -89.0 15.6 -46.2 -89.6
84.5 -23.4 69.3 91.7 -7.2 53.1 112.0 -29.7 69.8
-86.1 -33.1 20.0 -109.6 -66.6 9.3 -78.3 -55.9 -20.0
11.0 50.0 -94.2 27.6 48.8 -105.4 21.3 52.0 -73.3
-60.7 -6.8 -88.1 -62.6 -0.8 -93.2 -60.5 -1.3 -94.2
30.5 -30.9 5.3 26.7 -36.9 12.0 33.9 -25.9 -2.0
-77.9 26.4 -76.3 -79.9 27.1 -76.4 -78.4 25.5 -78.8
96.1 99.2 -54.5 96.4 89.6 -39.0 99.6 106.9 -41.1
40.0 48.9 -43.9 30.9 40.4 -36.8 26.7 60.8 -43.9
-28.8 -58.5 23.6 -22.7 -40.2 29.9 -44.2 -64.7 43.5
-65.9 67.5 -53.5 -56.6 43.6 -76.0 -68.2 61.6 -59.5
-69.2 -61.8 -21.1 -58.2 -53.0 -20.9 -83.3 -44.4 -38.5
-91.9 98.2 -8.3 -91.3 131.7 -20.0 -83.6 110.6 -44.5
-77.0 -59.1 -57.1 -46.1 -82.9 -55.3 -56.6 -72.5 -51.4
74.3 82.0 -78.8 41.1 113.0 -67.9 46.0 111.9 -55.2
-26.6 -42.0 33.9 -19.5 -46.0 40.9 -32.2 -24.2 28.5
-99.1 33.6 14.1 -76.1 38.6 -4.8 -104.0 26.8 13.0
74.3 -7.0 84.1 67.2 -4.1 84.7 83.0 -1.7 82.8
-3.7 -56.7 -66.0 -6.0 -54.2 -69.2 -10.7 -64.3 -69.3
-81.4 99.9 55.8 -82.5 103.4 57.3 -80.0 95.5 62.5
-75.4 -43.5 -12.9 -68.9 -50.0 -18.1 -80.7 -53.5 -25.1
-42.8 4.6 -71.4 -33.4 -7.7 -78.3 -19.0 -5.5 -77.8
80.1 -73.1 -63.3 85.9 -81.5 -52.9 75.4 -65.3 -75.0
40.7 -16.7 85.6 42.2 -33.7 88.8 52.1 -23.8 92.1
-7.5 -12.7 -8.0 -11.6 -21.1 36.3 -33.0 -9.2 10.4
49.0 -85.7 3.8 48.5 -96.8 -27.0 65.8 -71.4 12.0
22.2 -48.8 12.9 34.9 -54.3 1.1 21.1 -61.1 20.1
-31.3 -11.0 1.6 -39.0 -19.3 -12.4 -39.6 -9.6 11.3
-64.0 28.2 34.3 -67.3 29.5 33.2 -66.7 27.1 30.5
-0.7 -59.9 -36.8 -23.0 -68.9 -33.0 -19.7 -40.2 -30.8
-94.5 -43.4 -88.6 -109.7 -19.0 -108.1 -100.0 -56.1 -79.5
-6.5 -25.5 3.6 -23.2 -3.2 40.4 -5.3 -15.6 25.1
19.0 85.8 -51.2 30.0 86.9 -35.2 28.5 91.4 -54.9
51.1 -16.7 75.3 63.4 -9.2 79.2 56.4 -11.7 71.0
-50.8 -12.7 60.3 -51.2 -13.3 60.2 -49.7 -11.9 59.2
-94.5 95.3 -12.5 -67.8 76.1 20.9 -97.7 96.8 -0.9
41.8 1.9 -42.2 50.0 2.5 -27.4 39.2 17.0 -34.9
16.4 -83.3 57.0 -3.0 -88.4 53.3 14.8 -104.8 77.3
96.1 -10.6 68.2 93.9 -10.1 65.9 99.0 -15.6 71.2
91.3 -27.0 62.5 88.6 -22.5 61.9 86.1 -29.5 59.5
15.1 -25.4 86.2 16.2 -51.3 74.9 41.3 -23.3 74.9
3.0 -54.9 9.2 1.9 -53.4 12.1 3.9 -55.0 12.2
-59.5 -46.8 -46.6 -49.0 -44.8 -47.7 -66.7 -41.9 -37.9
94.0 65.4 72.2 92.1 66.4 73.7 95.5 65.6 68.6
-81.8 -24.3 7.9 -71.6 -35.2 -8.3 -75.7 -11.1 10.4
32.2 81.9 -14.9 40.5 76.8 -16.9 28.4 83.1 -24.8
77.6 -71.4 21.9 78.3 -70.1 23.0 76.7 -71.7 20.9
-14.8 -56.9 87.1 -7.5 -57.8 88.4 -5.2 -67.7 83.8
72.5 -15.1 -22.2 74.5 -14.6 -38.3 92.2 -0.4 -14.7
-55.5 -24.3 -80.4 -68.3 -26.9 -87.9 -42.8 -17.1 -73.5
86.9 -52.6 4.9 87.0 -42.1 -0.4 73.1 -47.3 3.5
-97.7 -44.6 68.2 -76.7 -34.5 73.0 -121.0 -36.6 65.1
71.7 26.9 39.4 61.9 27.0 51.4 70.1 23.4 42.9
47.8 82.8 40.7 46.8 80.9 36.9 49.8 81.4 43.0
70.5 -98.7 -77.8 83.9 -90.0 -95.3 69.1 -88.6 -71.2
55.0 98.9 -46.4 90.4 101.6 -24.6 54.5 71.5 -30.7
77.8 44.7 72.8 75.8 59.4 92.6 64.6 67.3 82.6
-15.4 24.7 -80.7 -24.3 -0.7 -78.0 -21.7 9.6 -107.7
-3.9 8.7 -8.8 -9.6 6.5 -17.3 3.5 11.9 -10.4
-36.3 32.2 -83.1 -58.2 2.8 -60.8 -34.5 27.8 -83.6
13.2 -45.2 37.0 12.9 -35.1 44.1 9.2 -38.2 50.5
-11.2 -27.1 26.2 -24.2 -15.3 33.5 -29.1 -22.2 40.9
13.3 34.7 79.3 15.0 29.5 70.9 3.2 41.2 80.7
-72.6 43.0 -19.8 -40.5 45.4 -39.5 -67.9 55.5 -6.9
-28.3 5.1 39.6 -25.8 8.3 42.1 -26.8 1.0 37.5
18.4 19.6 1.8 17.3 22.7 1.9 22.1 18.8 4.1
-58.7 -10.9 79.2 -90.7 -18.6 74.0 -47.0 -23.1 58.7
-11.9 68.5 3.7 -31.1 86.8 -5.6 -14.4 107.3 -0.8
9.7 79.7 -68.0 -7.1 111.1 -89.2 1.9 105.0 -68.6
32.8 10.6 -71.0 59.3 -11.4 -68.1 18.7 -14.0 -91.5
20.9 39.8 -68.4 23.2 9.3 -56.5 29.5 45.5 -68.0
-89.0 45.3 -48.9 -118.3 70.5 -31.7 -93.6 58.3 -16.8
-21.1 80.4 97.0 -19.5 95.8 69.6 -3.9 65.0 102.6
41.8 -73.3 -94.1 42.1 -73.1 -92.9 40.5 -73.8 -94.2
10.8 49.1 99.0 29.3 79.8 132.5 19.0 52.6 135.4
-21.4 57.1 -36.1 -27.9 45.1 -28.1 -29.1 53.3 -39.7
-55.2 -88.1 84.4 -48.5 -89.0 71.8 -61.9 -95.7 97.6
49.3 -96.6 -55.6 54.9 -96.9 -56.8 44.4 -104.4 -46.6
73.9 -99.8 24.8 82.2 -91.8 32.8 78.3 -105.0 22.0
51.3 21.0 20.0 21.7 1.6 -10.1 32.1 24.5 10.8
-49.3 -88.5 58.4 -54.2 -91.1 65.6 -44.6 -85.8 67.5
-56.9 -94.3 79.5 -56.1 -95.2 78.9 -56.2 -96.2 79.7
-82.3 -42.6 74.2 -55.8 -30.4 101.1 -50.8 -57.6 61.6
-82.9 35.7 -79.4 -110.2 53.3 -68.3 -91.3 13.6 -87.3
73.8 64.3 -25.0 50.6 41.0 -6.8 78.5 70.1 -17.9
-68.6 -84.5 77.1 -49.8 -63.1 45.1 -43.2 -75.3 71.2
-77.2 -99.9 60.8 -64.0 -88.4 28.6 -60.5 -87.4 75.1
-88.9 34.8 87.6 -90.6 33.9 87.3 -86.9 35.2 89.7
-53.4 30.1 24.2 -32.9 24.1 44.8 -59.1 64.3 36.1
75.5 -51.9 87.5 81.6 -58.1 87.5 77.1 -61.0 91.3
-3.7 3.9 -37.5 -4.5 5.7 -38.9 -1.8 1.9 -35.6
-97.5 -1.5 94.8 -98.6 2.1 98.2 -95.8 -3.4 97.5
94.3 94.7 -47.6 104.6 100.3 -37.9 91.9 89.8 -37.5
-5.4 95.7 -90.5 0.9 100.6 -89.0 5.3 98.7 -88.0
-45.2 -77.7 66.4 -21.3 -61.9 84.8 -29.5 -79.5 46.6
-61.2 -22.3 88.2 -61.1 -9.2 74.5 -66.1 -34.4 87.6
-87.5 65.1 68.4 -51.0 63.7 56.9 -65.1 42.8 47.6
91.3 39.3 43.0 91.4 39.4 43.0 91.2 39.3 43.1
-0.7 -75.5 -40.9 -26.4 -59.1 -25.2 -4.1 -71.0 6.5
81.3 25.4 22.2 75.1 13.6 54.9 45.1 22.2 47.0
-8.0 0.0 13.9 -0.4 -5.6 10.0 -22.3 10.8 30.8
63.5 78.7 -34.9 95.9 49.9 -52.7 67.4 49.7 -72.9
10.9 -34.2 -69.2 15.4 -32.4 -75.5 10.8 -32.8 -76.7
42.3 46.8 59.5 25.5 81.9 61.4 21.7 72.6 43.0
87.0 -55.0 -18.2 103.4 -37.3 13.3 94.0 -46.0 15.8
85.4 85.9 15.8 85.7 74.5 6.1 90.1 88.5 2.2
-9.8 53.3 -32.0 21.2 67.8 -58.4 -10.5 81.9 -31.9
62.3 -7.3 24.9 53.1 -2.3 23.6 62.6 1.3 38.3
48.1 -69.2 33.4 59.8 -47.9 37.8 57.8 -80.5 1.5
95.7 -26.3 -79.5 97.1 -27.3 -78.8 96.2 -25.8 -79.4
62.2 -69.2 -1.9 59.3 -64.0 -2.5 66.8 -72.0 -5.6
59.2 -2.6 -94.9 62.1 12.9 -109.3 43.3 -2.3 -95.2
-64.0 96.7 57.3 -47.4 89.7 35.3 -29.8 76.2 66.9
-78.4 87.2 16.1 -81.5 102.2 34.1 -64.6 87.3 21.7
38.8 -61.0 72.4 31.3 -64.2 68.7 38.8 -62.1 79.3
-12.6 97.5 94.3 -0.6 66.0 83.3 -15.4 65.2 102.0
-79.0 -42.4 87.9 -66.5 -28.6 53.3 -51.2 -53.2 53.8
-26.4 -17.2 -57.4 -18.5 -11.0 -22.3 -42.6 14.6 -51.1
96.2 93.6 75.4 90.5 66.6 87.5 92.7 48.0 91.1
88.5 28.8 -95.6 88.3 -7.4 -117.4 112.5 1.0 -118.6
-67.1 -23.5 -45.0 -69.6 -29.7 -47.4 -65.1 -17.1 -38.0
75.5 48.4 94.2 98.8 84.2 92.6 85.7 50.0 77.7
29.6 7.2 85.5 30.2 -0.4 87.6 26.0 -1.7 96.1
97.1 -45.1 -2.4 91.3 -55.5 9.2 93.2 -56.0 0.9
-20.5 87.5 87.1 -7.1 83.1 85.6 -32.1 66.1 108.5
-50.0 -87.4 55.7 -41.2 -58.1 85.9 -62.3 -84.2 65.1
-50.5 -61.5 93.1 -68.3 -55.9 118.1 -78.0 -48.5 92.2
-82.9 -45.8 26.8 -65.6 -36.2 21.1 -73.4 -40.6 41.4
-41.2 26.6 -3.3 -37.0 19.1 2.1 -21.1 30.5 13.7
5.5 85.4 -68.8 -4.2 97.7 -88.9 -16.8 91.7 -57.3
76.4 -80.6 -73.7 76.6 -81.1 -73.8 75.7 -80.9 -74.0
40.8 94.6 25.4 30.9 85.6 29.1 31.5 94.7 30.8
-95.0 24.8 79.3 -91.7 -12.8 89.3 -87.5 12.4 46.5
63.7 -28.7 48.1 69.3 -8.5 65.3 59.5 -39.2 52.4
-49.9 -42.4 -80.3 -48.8 -38.6 -74.3 -53.9 -41.8 -82.4
-0.7 39.6 -55.7 2.2 40.3 -73.1 13.6 53.8 -43.6
-28.0 -26.8 -83.7 -51.0 -36.4 -117.0 -38.1 -8.4 -97.8
79.8 -5.8 5.5 63.1 10.2 -12.5 76.5 13.7 21.2
84.4 87.3 -32.9 89.3 121.6 0.3 90.1 90.6 -15.9
43.8 -52.0 49.1 41.4 -59.8 41.0 41.9 -49.4 39.3
-71.6 -87.0 -26.8 -73.9 -65.8 -43.2 -69.6 -79.5 -39.2
61.7 43.5 -60.6 36.0 22.4 -41.2 64.2 52.6 -66.3
61.9 85.3 -32.1 66.0 83.5 -23.1 73.0 87.8 -57.1
6.7 -21.0 94.1 -5.1 -46.1 59.9 6.9 -41.3 76.7
-11.8 -56.9 20.7 -19.8 -64.0 32.3 -17.0 -64.2 11.7
-90.6 -9.0 -85.5 -97.5 -7.7 -85.1 -84.0 -18.2 -77.8
23.3 -84.2 73.8 34.8 -90.1 73.6 -4.2 -81.8 87.8
6.8 -40.3 -89.1 10.3 -47.5 -82.1 8.0 -48.6 -94.9
61.7 69.3 7.5 87.1 35.4 1.4 66.6 44.3 34.3
7.4 -70.7 -59.7 10.5 -69.4 -60.9 11.5 -72.4 -52.5
-44.4 90.6 84.6 -23.0 104.6 74.4 -30.7 72.2 58.3
89.5 -28.4 92.5 102.1 -45.8 94.4 93.3 -12.1 109.3
-26.7 -89.9 76.7 -45.5 -75.4 98.8 -18.5 -90.8 59.8
80.7 92.0 17.2 93.3 101.2 20.4 68.2 90.2 28.7
-15.9 12.8 -74.3 -15.4 11.7 -67.4 -24.5 3.2 -71.9
-10.0 -40.4 -89.3 -6.4 -33.0 -86.4 -11.6 -45.5 -103.7
84.2 -91.2 25.8 96.9 -104.5 19.2 79.6 -97.3 38.1
29.2 96.8 -97.2 14.0 95.9 -105.6 4.8 99.6 -105.4
-84.0 51.5 -65.2 -55.8 75.6 -80.3 -49.4 48.3 -85.8
86.9 29.5 -38.1 79.5 26.2 -15.9 63.3 41.1 -45.7
-43.9 -23.4 100.0 -33.9 -16.9 93.0 -48.1 -22.6 101.5
87.2 25.4 -49.7 104.6 33.6 -73.5 78.5 42.6 -39.8
15.0 -13.2 -7.1 29.9 -20.7 -6.0 11.3 -15.7 -19.3
87.6 -34.2 27.2 72.6 -42.4 19.2 108.2 -40.5 6.3
-26.6 -82.6 -52.7 -15.8 -95.7 -44.6 -27.4 -85.4 -51.2
-90.7 -52.3 12.9 -81.5 -42.9 10.7 -100.6 -68.3 28.1
-9.6 49.0 -95.1 14.2 34.6 -81.3 -15.7 26.5 -109.9
-41.0 -52.1 -74.7 -35.2 -47.7 -74.5 -38.2 -55.0 -69.0
-63.1 70.9 -22.2 -55.5 68.8 -4.6 -96.2 87.8 3.5
-39.4 -80.6 45.5 -37.8 -114.3 14.6 -52.3 -88.6 16.4
42.0 88.5 50.9 37.7 95.4 40.8 59.8 82.8 53.4
78.0 -91.2 -51.4 79.1 -90.6 -55.1 77.0 -90.2 -49.1
45.8 -85.0 48.7 41.1 -89.4 37.1 43.5 -74.8 55.1
-76.7 73.1 73.6 -77.7 93.4 115.8 -65.4 64.0 89.8
20.5 1.9 24.5 18.1 7.5 30.2 12.9 6.9 29.1
38.8 -27.6 -5.5 32.4 -58.2 20.4 50.7 -21.9 23.1
25.1 77.0 10.6 40.7 102.1 -16.4 46.5 77.8 24.3
39.5 83.2 -17.2 57.6 65.8 -7.3 49.8 102.0 -18.9
-72.7 -56.1 -0.1 -81.8 -53.9 -1.1 -84.8 -52.7 -26.7
29.2 60.1 -7.2 19.8 71.2 9.9 -8.3 73.2 17.5
-54.1 43.0 34.4 -50.2 41.8 35.3 -51.8 40.6 39.0
-6.2 -87.1 57.7 -1.8 -93.6 57.9 -6.2 -82.3 55.5
97.8 -43.0 60.7 111.6 -11.6 73.7 92.0 -1.6 40.7
-46.6 52.6 -92.1 -49.3 52.9 -96.5 -42.8 49.5 -93.2
-65.1 -35.8 -92.7 -80.3 -4.9 -125.7 -50.1 -25.5 -121.3
-96.4 -14.8 61.3 -81.3 3.3 79.8 -114.6 -22.6 68.9
-63.2 -76.0 -3.7 -66.7 -68.8 2.6 -43.6 -77.7 10.4
-33.0 73.6 -97.1 -14.5 69.4 -76.5 -23.2 46.6 -104.8
79.5 13.7 93.7 42.3 20.8 87.3 71.7 8.2 67.0
84.3 -76.5 32.3 89.2 -86.9 1.2 100.0 -78.0 15.7
-63.1 28.6 -6.4 -43.8 22.2 -4.0 -86.1 4.7 -22.8
-55.6 49.5 14.9 -70.5 47.3 12.7 -42.6 37.1 7.7
51.1 83.0 -46.7 42.7 72.1 -42.4 45.9 67.2 -34.4
-26.9 36.6 -94.1 -15.9 16.0 -78.9 -12.6 28.2 -117.1
95.0 -52.1 47.8 87.6 -58.1 49.0 103.3 -60.6 52.3
77.0 -27.2 92.9 92.8 -40.4 73.6 61.9 -11.5 81.9
52.0 -23.7 46.7 57.8 -24.2 52.4 53.8 -28.6 38.7
85.6 -13.2 16.6 84.8 -4.5 10.8 71.6 -12.2 18.4
-61.4 72.8 -22.1 -58.3 68.1 12.4 -40.6 89.6 -8.5
-10.2 36.1 -6.1 -10.1 35.5 -6.3 -10.6 36.7 -5.8
83.7 88.0 -55.3 73.6 87.2 -32.7 99.8 87.5 -74.1
-23.1 75.9 -29.9 -20.3 74.4 -30.8 -20.3 72.4 -33.4
-16.6 54.0 82.4 -27.9 55.8 66.9 -12.0 69.0 99.4
-85.5 -13.8 82.8 -85.8 -13.6 83.1 -86.0 -13.9 82.6
-3.3 -91.6 69.3 -1.4 -96.4 68.6 -10.0 -85.1 70.8
16.2 -62.9 25.2 -0.9 -97.6 47.6 3.6 -85.5 27.5
65.9 36.3 77.5 45.0 32.4 94.8 60.7 33.0 90.6
7.1 83.6 77.4 31.6 51.5 66.9 29.1 51.9 52.8
74.8 -78.2 -44.2 65.1 -92.6 -45.7 90.8 -81.3 -44.7
-22.1 -29.6 -1.1 -22.3 -29.4 -1.1 -22.3 -29.6 -1.2
-31.2 28.8 34.3 -27.0 24.7 40.6 -26.6 20.4 42.7
-34.0 36.1 15.3 -31.4 74.2 28.8 -47.1 73.0 14.9
25.0 29.6 -83.9 37.3 46.6 -74.1 -8.1 63.9 -76.6
-82.8 20.9 72.8 -82.3 20.6 72.0 -82.0 21.3 72.6
60.8 76.1 91.6 82.1 75.0 125.9 98.1 75.0 80.4
-26.1 77.7 -21.3 -24.3 80.6 -20.9 -28.3 76.4 -21.8
52.7 -25.1 71.6 76.0 -41.8 75.4 47.0 -48.3 85.5
47.7 -91.4 68.7 29.4 -119.3 80.6 29.9 -121.2 48.2
32.3 91.6 77.4 49.3 89.8 60.9 29.1 102.2 77.2
-78.9 -16.5 -47.6 -80.1 -16.8 -48.5 -78.1 -15.5 -48.4
-73.8 34.2 65.8 -75.9 44.6 50.5 -88.6 53.5 51.7
-81.6 -8.1 -83.0 -74.9 -10.6 -82.1 -90.3 -3.1 -86.6
-78.2 -92.1 61.1 -64.0 -80.7 53.1 -104.8 -95.8 42.2
-36.3 97.6 -51.7 -51.7 97.0 -49.5 -47.7 101.3 -50.3
-63.0 -80.9 -50.2 -82.4 -61.7 -65.7 -59.9 -61.5 -33.8
50.5 -14.2 -50.6 50.4 -14.3 -50.8 50.7 -14.3 -50.6
-9.7 31.8 13.3 -14.3 34.1 8.2 -44.4 43.6 -18.6
17.4 -34.2 -48.1 25.9 -14.8 -43.5 30.5 -31.3 -44.4
71.6 13.1 36.8 85.7 12.6 42.1 54.3 3.9 54.7
-15.1 86.2 -6.3 -34.5 62.9 2.1 -13.1 63.2 -14.6
89.8 98.9 77.1 66.1 55.7 82.4 83.3 66.7 53.7
55.8 13.7 -66.5 38.6 -2.1 -56.5 74.2 15.6 -83.0
-28.7 30.1 42.6 -36.4 61.2 30.5 -32.9 26.5 15.1
-22.1 -25.4 93.5 4.3 -62.5 74.3 -4.5 -55.2 93.9
-28.9 -68.6 -60.5 0.1 -90.5 -68.5 -6.4 -62.5 -69.4
-11.8 54.9 47.6 -31.7 77.7 65.7 -19.1 75.5 21.5
-4.2 42.0 -24.6 -28.5 55.8 -40.6 3.1 51.4 -50.8
21.8 32.8 15.1 24.2 59.5 -26.6 29.5 76.2 18.9
-95.0 27.0 60.6 -88.0 36.5 56.7 -83.7 36.3 74.9
-92.0 88.1 -40.7 -86.5 87.9 -44.1 -63.9 72.2 -49.8
-64.7 89.7 -25.4 -60.0 89.6 -30.8 -72.3 82.3 -32.0
-38.8 76.8 -76.5 -46.4 70.4 -44.3 -20.5 58.4 -60.1
-64.3 -70.5 -59.9 -84.6 -54.3 -62.8 -91.9 -59.1 -27.1
-2.1 -32.8 -3.8 -6.2 -18.1 31.9 27.7 -19.2 13.1
-37.4 34.6 -88.9 -20.5 -7.7 -92.5 -35.1 6.8 -66.7
-72.1 -27.9 77.9 -60.4 -51.8 52.4 -73.6 -39.0 91.6
-61.1 -21.2 -34.5 -63.5 -18.5 -34.8 -64.0 -19.4 -37.0
-81.6 -84.3 37.4 -82.2 -97.0 23.4 -61.8 -73.7 32.1
65.5 -57.0 33.8 70.8 -44.5 19.0 75.9 -72.8 36.4
-87.3 18.9 69.4 -98.4 5.8 87.0 -70.1 9.8 72.7
76.9 -48.6 -73.9 57.9 -17.4 -62.1 72.8 -21.7 -83.2
45.4 -99.2 7.2 46.1 -96.8 7.8 47.4 -98.6 9.0
44.3 88.2 9.5 65.1 97.3 27.0 53.9 85.8 -6.9
78.5 81.6 -23.4 87.1 83.7 -22.7 76.4 67.1 -27.8
-46.8 -46.3 -13.7 -29.1 -46.2 -47.9 -46.3 -61.9 -6.0
74.1 12.9 -25.1 69.7 13.4 -13.1 77.2 4.4 -18.4
-16.5 -36.3 12.2 -31.0 -51.3 -1.3 -3.7 -47.0 21.4
-11.2 58.6 -55.2 -2.2 53.7 -54.9 -9.0 65.2 -48.0
-8.8 7.9 69.3 -8.7 7.8 69.6 -8.7 8.1 69.1
-85.8 16.8 -47.4 -102.1 47.1 -40.2 -96.5 39.7 -27.1
55.6 49.0 -56.9 87.0 74.1 -51.0 53.2 46.0 -65.6
-51.6 29.6 88.2 -82.2 67.0 87.6 -82.5 33.2 78.6
-84.5 -8.5 86.4 -86.0 7.9 114.9 -110.6 -29.6 101.5
-38.7 16.3 90.6 -38.0 18.6 91.4 -40.5 15.4 88.1
-68.2 75.9 -62.1 -81.9 122.1 -70.4 -89.2 99.3 -94.2
-33.2 -58.2 67.7 -43.1 -67.5 71.6 -42.9 -46.6 72.3
-72.4 74.1 -11.4 -76.0 78.3 -11.3 -73.8 77.3 -15.2
-25.9 -71.5 69.5 -25.6 -71.8 69.7 -25.3 -71.3 69.3
20.1 7.4 25.8 -20.2 3.7 -2.6 -19.9 8.0 45.4
60.3 84.6 16.7 83.8 80.4 2.5 41.1 57.3 -4.8
-90.6 -93.9 -83.3 -99.2 -110.1 -95.3 -101.8 -104.4 -75.6
77.7 -63.6 -71.7 83.6 -40.2 -52.3 106.6 -36.5 -84.8
10.9 98.2 -44.7 -1.7 129.6 -12.8 -14.2 90.3 -8.4
-25.3 66.9 6.7 -50.8 52.5 24.7 -55.3 56.6 39.1
7.6 11.4 50.6 -5.0 -3.7 46.1 13.1 2.5 62.7
77.4 59.7 34.0 73.3 59.3 36.4 71.0 52.8 27.1
70.7 57.1 91.8 72.3 54.2 93.4 70.4 55.4 89.8
-30.0 42.2 45.4 -60.6 47.4 7.7 -28.7 18.2 27.2
56.5 14.9 -29.9 55.8 15.4 -30.5 56.8 15.6 -30.4
11.4 44.8 -96.4 11.7 44.7 -96.3 11.4 45.2 -96.0
-4.8 87.9 -61.9 -10.9 95.7 -58.1 -9.5 86.8 -53.9
-39.6 55.8 99.7 -40.2 62.7 106.4 -38.2 57.4 104.7
79.8 35.8 15.4 95.5 47.0 24.5 83.1 31.7 19.0
52.0 -79.0 -89.6 43.4 -67.5 -101.0 64.3 -89.8 -88.0
-6.3 40.6 99.9 3.2 54.2 100.2 -2.4 37.9 84.2
93.9 -74.0 10.4 100.5 -75.4 -1.4 87.0 -100.2 21.9
-96.1 -75.7 -90.7 -77.3 -31.9 -80.3 -109.1 -54.1 -98.2
2.9 -54.5 3.4 5.5 -52.7 0.3 6.1 -57.0 1.7
-63.4 85.5 -2.2 -38.7 69.7 -31.5 -57.7 69.8 -0.9
12.8 -2.7 -24.6 16.9 -29.8 -43.2 2.1 -8.8 -1.4
-1.3 -48.2 -15.8 15.6 -71.5 -4.3 18.1 -73.5 4.6
7.2 98.7 1.8 7.9 85.2 -25.7 9.0 128.9 -8.1
-17.6 -22.7 75.9 -15.5 -8.1 68.3 -9.0 -33.3 82.8
-46.7 -94.6 -7.0 -32.0 -90.8 -25.5 -45.6 -99.4 -20.6
19.7 -57.6 -10.5 16.3 -61.9 -18.3 18.5 -52.6 -2.3
65.7 56.3 -19.8 54.3 57.4 -46.7 36.6 50.7 -38.1
30.6 -6.1 78.9 34.5 -6.4 84.2 33.2 -3.2 83.0
-53.9 68.0 19.9 -88.3 100.0 22.4 -98.3 88.8 18.6
-46.5 69.9 27.2 -43.5 79.9 45.9 -34.1 67.0 42.4
46.1 15.6 2.3 63.6 12.8 -8.1 74.0 -4.7 -0.7
99.4 -68.1 62.6 93.4 -68.5 70.2 101.4 -62.0 62.5
-42.3 -58.8 -55.8 -30.4 -55.4 -44.9 -29.5 -65.0 -63.4
25.8 38.1 -19.0 19.0 36.6 -13.2 23.6 36.5 -25.8
-49.2 -54.7 -78.0 -30.0 -31.0 -61.9 -33.8 -56.3 -71.4
-77.3 84.9 -76.7 -85.0 77.6 -82.7 -68.6 75.3 -76.5
-29.8 -34.8 32.2 -63.6 -49.1 6.0 -72.4 -19.2 39.5
-1.0 45.8 14.7 14.1 52.2 21.0 -1.5 36.0 -11.1
-62.1 -55.9 77.7 -65.0 -52.0 77.7 -63.3 -52.5 77.9
51.5 56.7 -8.7 73.5 44.6 -8.6 29.2 44.7 -26.0
12.0 3.8 75.5 26.1 37.5 70.3 15.8 34.7 77.9
-15.4 13.9 -11.8 -10.4 19.4 -16.3 12.0 -20.3 -8.9
-38.2 -52.2 -85.1 -11.0 -38.7 -84.3 -49.1 -32.3 -105.8
-17.5 34.8 -24.6 -37.0 36.0 -17.2 -23.6 0.0 -27.6
85.2 -13.8 -7.9 73.3 -16.1 3.1 84.8 -20.1 4.9
-9.2 71.7 78.2 -7.8 70.2 80.2 -9.9 71.7 79.3
-68.8 -35.4 26.7 -66.9 -36.4 28.6 -68.6 -34.7 24.7
-33.2 -92.3 53.6 -0.6 -88.0 38.9 -5.9 -122.9 56.2
-20.6 -29.1 -50.9 -37.4 -7.2 -67.4 -63.5 -19.2 -46.7
53.9 86.2 71.0 59.8 126.3 75.7 26.0 110.7 58.1
16.3 -9.1 92.5 14.9 0.2 102.0 17.6 -5.5 102.3
-50.7 99.3 9.2 -35.4 65.0 -13.2 -29.4 60.2 -9.3
56.2 67.3 -20.2 51.7 74.0 -26.5 58.0 62.7 -15.8
-14.4 -37.5 -6.0 13.3 -9.5 -18.7 2.3 -36.3 17.7
50.3 -86.9 78.1 60.7 -80.3 79.2 40.6 -87.0 80.4
-1.5 -54.5 40.1 -4.9 -55.7 37.8 -4.5 -59.1 39.3
-92.9 -50.1 -56.5 -96.0 -26.5 -56.9 -73.6 -43.5 -94.6
70.5 -44.5 -72.3 77.5 -39.8 -73.9 52.9 -32.6 -47.3
40.0 77.9 87.4 34.5 74.1 77.6 49.5 84.4 77.8
-16.8 8.3 8.1 -37.0 23.4 19.0 -10.5 9.8 -3.2
-69.5 -79.1 97.8 -80.1 -96.3 108.7 -82.7 -115.3 119.6
6.7 -21.5 70.6 1.8 -11.3 75.9 11.9 -9.0 64.2
-73.1 -17.4 78.3 -72.4 -28.2 74.0 -65.9 -13.8 77.9
70.9 94.3 26.6 90.0 106.0 35.6 72.8 74.2 37.5
35.8 -14.2 -36.9 55.4 -44.3 -47.5 52.7 2.2 -65.1
-25.3 -77.3 -51.5 -17.0 -78.8 -43.1 -30.2 -71.2 -43.5
-13.0 43.1 6.5 12.0 24.7 7.3 -8.3 48.5 -14.4
-55.8 36.9 -43.0 -62.9 33.7 -80.0 -29.5 23.6 -56.7
-71.7 36.0 -36.3 -81.5 34.8 -30.3 -94.2 13.6 -20.4
13.5 -86.5 81.8 5.5 -94.1 86.1 10.1 -88.1 87.7
19.5 -13.5 -8.4 35.6 0.6 -18.4 -0.3 20.3 -27.4
6.4 10.1 58.8 4.0 8.0 58.7 10.0 9.4 59.9
51.5 -24.9 0.0 57.7 -28.0 -4.7 46.4 -30.8 -6.4
-59.6 -57.2 46.1 -62.0 -37.2 66.3 -68.6 -84.5 63.0
-86.9 8.9 -53.2 -84.4 10.0 -55.8 -91.7 7.7 -49.5
73.5 5.2 -33.2 80.8 14.4 -20.1 85.3 18.3 -44.7
63.8 -44.0 93.6 88.4 -32.2 100.1 72.2 1.0 105.7
80.3 -69.9 -47.1 81.4 -74.0 -49.5 84.5 -72.4 -45.5
-39.3 11.4 -4.6 -35.3 17.3 -5.6 -35.5 16.2 -5.9
-48.7 65.5 -72.0 -48.7 51.0 -68.1 -71.6 82.4 -69.0
16.6 82.0 -96.9 24.9 87.9 -104.2 7.3 86.2 -98.5
-64.3 -53.7 -35.0 -45.9 -66.9 -29.2 -67.9 -38.8 -38.5
-86.2 -31.2 24.4 -84.8 -29.0 24.8 -90.5 -28.1 22.3
-57.4 11.6 83.7 -55.4 5.5 90.0 -45.9 10.7 73.9
17.6 41.0 94.2 7.4 44.3 100.8 23.1 30.0 97.8
88.0 -9.2 85.8 107.2 -45.8 103.6 129.5 -24.6 77.0
-61.3 46.0 -96.3 -77.2 18.9 -73.4 -67.6 39.7 -103.4
74.3 3.5 -4.7 63.1 -8.3 -1.3 92.4 7.8 -22.4
-68.0 -61.8 3.6 -94.5 -64.0 3.3 -51.3 -73.0 -6.9
31.2 60.3 91.0 37.4 63.5 102.4 16.0 77.7 93.2
7.3 -81.2 26.3 1.6 -76.4 37.9 13.1 -89.7 19.1
-6.5 -89.3 5.0 -13.7 -99.0 -3.9 19.9 -112.8 15.4
0.3 -27.2 -93.3 3.9 -51.8 -63.4 14.9 -40.6 -85.1
51.8 -71.3 -79.3 37.5 -50.8 -92.0 47.1 -93.0 -90.8
-55.1 -85.8 50.6 -36.0 -119.4 43.3 -75.3 -107.3 52.8
28.9 -4.2 89.8 25.7 -10.5 85.5 30.1 1.8 92.5
33.3 -22.7 77.9 19.8 -29.8 64.5 35.0 -7.1 71.2
-94.1 -22.0 44.3 -97.8 -21.2 41.6 -93.8 -18.7 43.9
62.5 39.8 41.4 75.2 62.1 17.1 69.7 42.9 31.5
-61.8 93.1 -77.0 -67.5 59.2 -103.3 -78.4 75.3 -58.8
-74.1 -52.5 -19.6 -73.7 -48.5 -18.6 -79.8 -57.3 -22.3
-3.4 -42.3 32.0 12.4 -51.5 44.6 10.8 -48.7 20.7
81.5 -23.0 40.4 37.8 -31.3 23.0 60.0 -11.0 21.5
-97.0 66.6 -74.0 -101.0 63.4 -67.2 -91.9 67.7 -80.2
96.9 -41.9 23.6 62.5 -45.5 44.5 102.6 -57.8 28.4
-61.9 -75.7 2.8 -87.9 -67.8 16.7 -70.1 -109.5 26.9
-23.5 -29.4 -83.9 -16.1 -24.6 -95.4 -17.7 -37.8 -79.5
44.1 -86.1 -93.8 33.5 -108.8 -72.7 36.5 -92.1 -70.6
35.5 84.9 86.0 36.5 80.5 84.4 32.9 84.6 83.2
78.3 8.6 81.6 78.9 17.9 86.3 71.2 16.9 80.2
49.5 6.8 35.3 71.4 7.6 24.9 29.2 23.9 42.6
-61.8 34.0 -75.1 -62.2 33.6 -76.0 -61.4 34.3 -75.0
57.2 81.9 -5.5 41.4 84.5 -20.3 65.8 91.8 9.2
-90.4 -38.5 3.6 -85.6 -46.7 2.9 -97.7 -45.9 0.9
-60.6 51.4 69.8 -40.3 59.6 87.5 -36.5 42.9 68.0
61.8 -30.5 -8.6 63.2 -36.6 -14.1 64.3 -26.9 -3.9
22.8 -77.1 98.5 42.3 -58.4 105.0 16.3 -55.5 107.6
-14.7 -96.3 53.3 -25.5 -94.4 58.4 -0.6 -97.3 38.3
50.6 33.4 17.6 46.8 9.4 14.5 50.9 45.8 2.8
7.2 -14.1 -91.5 20.5 -25.5 -95.5 10.3 -15.3 -96.9
-30.0 34.0 -61.2 -43.1 19.0 -58.1 -15.7 17.1 -80.1
73.0 65.6 -20.1 83.0 63.0 -23.8 69.7 75.1 -30.1
-90.6 -85.9 76.6 -90.0 -86.2 77.6 -91.8 -87.3 76.1
81.2 82.6 -11.6 69.1 93.6 -10.7 108.1 83.2 -4.7
27.1 -57.7 -14.2 35.1 -78.9 -23.5 5.3 -62.5 -28.2
-37.5 93.8 -79.7 -31.1 85.5 -68.6 -34.7 87.7 -68.4
83.2 -77.1 34.4 62.5 -74.7 15.0 85.6 -79.4 37.8
-75.9 15.0 72.2 -85.8 21.1 62.8 -71.6 22.1 81.7
38.9 -49.3 -51.8 20.0 -56.5 -58.2 26.8 -61.6 -60.3
-33.3 38.1 -11.0 -6.1 16.6 2.5 -8.8 31.4 -36.1
67.8 -6.7 -8.6 55.8 -15.4 38.5 96.0 -3.9 24.7
89.3 36.2 -11.8 90.0 39.7 -14.5 92.9 40.0 -10.0
-67.3 -36.5 -56.5 -50.2 -67.2 -52.7 -65.2 -65.4 -60.8
54.7 80.5 -29.7 70.7 78.7 -24.2 43.0 85.7 -38.5
15.6 -63.5 -61.8 18.3 -38.4 -47.6 15.2 -36.7 -45.9
-59.5 -5.0 -82.0 -60.1 -23.2 -95.5 -58.8 4.0 -84.9
26.3 5.8 55.4 26.3 5.9 55.7 25.6 6.2 55.0
0.1 87.2 -67.8 7.9 90.3 -68.5 1.9 80.2 -70.9
-6.2 -24.1 78.4 -20.2 -11.6 94.8 -9.5 -33.3 80.2
33.6 84.8 15.6 32.7 80.2 32.3 20.9 85.7 22.0
44.6 -19.7 84.1 48.9 -30.7 56.7 65.9 -27.8 76.5
-15.9 -91.2 -99.0 -4.0 -61.9 -91.6 -3.9 -98.1 -73.8
-71.2 -25.9 27.0 -57.1 -56.0 39.1 -56.5 -46.8 -4.1
61.0 -41.5 -40.5 38.1 -19.2 -58.2 57.3 -13.3 -65.0
29.2 -91.1 -76.5 19.5 -92.2 -85.2 26.5 -91.8 -56.4
-78.5 78.9 89.9 -94.1 63.9 91.8 -105.1 63.0 103.1
-46.6 -76.4 25.3 -51.3 -67.4 45.4 -48.0 -92.3 39.8
-50.5 -14.3 69.4 -49.6 -12.7 81.4 -41.5 -0.6 67.1
30.4 -2.8 86.5 19.4 12.5 98.0 47.3 14.8 109.9
-53.5 -11.3 22.5 -48.9 -5.8 14.7 -49.8 -14.5 17.2
100.0 17.6 4.5 99.4 16.5 3.7 98.9 15.4 3.7
2.0 -87.5 -21.0 -2.0 -110.6 -51.2 16.7 -116.7 -8.7
-47.0 -35.5 -45.3 -62.2 -9.7 -53.4 -50.6 -52.2 -70.2
-76.5 33.1 7.0 -85.7 37.0 -24.6 -84.3 33.2 -16.8
78.6 97.7 -9.6 80.3 65.2 13.9 62.7 91.2 18.1
-97.9 -43.0 7.7 -104.1 -9.9 3.2 -87.6 -20.2 21.6
-46.2 6.5 -76.0 -36.0 -5.0 -112.6 -46.3 -6.9 -73.8
76.7 43.6 -31.8 95.6 45.1 -20.1 89.3 65.7 -20.6
-77.3 91.5 44.4 -74.0 101.7 43.6 -84.1 105.6 38.9
-46.8 -64.4 -52.8 -46.1 -63.5 -53.2 -46.4 -64.5 -52.5
-17.4 -59.8 0.1 -35.4 -61.1 -14.8 1.9 -72.1 -15.5
-25.7 71.3 -3.3 -16.2 78.9 11.1 -50.3 96.1 10.1
96.4 38.5 95.9 105.0 28.7 87.7 119.1 61.8 110.1
-37.5 -24.1 63.4 -24.1 -15.3 68.7 -53.1 -19.3 77.8
-87.6 0.5 35.5 -95.3 -0.1 43.6 -79.7 2.5 41.1
19.7 100.0 89.0 13.9 77.2 80.9 30.2 76.0 80.3
-73.8 54.6 46.6 -56.1 48.9 67.5 -76.7 52.9 46.2
-47.3 -95.7 -11.6 -14.7 -70.6 -36.0 -36.6 -109.3 -34.0
18.2 -74.9 -54.4 20.5 -76.4 -59.2 13.6 -71.2 -52.8
-24.6 -24.2 79.6 0.2 6.1 76.3 -4.4 -38.5 89.6
-12.0 11.9 -81.3 -41.8 24.4 -106.5 -7.1 27.2 -101.3
4.0 -74.0 75.6 11.0 -64.7 68.5 8.7 -78.7 77.0
5.9 55.4 -97.6 16.9 65.5 -101.2 18.1 49.8 -79.9
-47.4 24.6 -66.2 -77.3 25.4 -62.7 -60.6 -5.4 -86.3
-35.3 -75.7 -48.7 -29.1 -79.4 -51.4 -42.6 -67.5 -45.9
-78.5 3.6 -58.3 -86.3 15.5 -42.4 -69.5 3.4 -64.1
63.8 38.6 98.9 77.1 64.8 88.4 51.0 24.6 92.0
-3.2 77.3 -55.0 -13.9 91.8 -69.3 10.0 97.5 -71.1
2.6 37.9 73.4 21.6 35.7 58.2 46.0 56.9 85.3
84.2 -70.9 79.9 113.7 -58.6 42.9 90.6 -54.3 65.2
-23.0 -88.8 -18.9 -26.7 -96.7 -22.7 -21.4 -101.0 -23.3
-75.0 -6.7 -69.3 -51.6 -29.7 -63.3 -68.5 -26.0 -53.2
84.0 -47.8 51.6 82.7 -46.4 50.3 82.5 -49.5 48.0
-14.5 90.6 -24.0 -12.2 89.3 -23.2 -15.4 92.0 -23.2
37.1 -12.7 21.2 63.0 -27.3 45.9 24.9 1.7 54.6
44.2 16.9 27.5 75.9 23.1 3.9 76.3 -5.7 24.4
-15.7 -60.3 19.2 -18.3 -56.1 24.4 -23.9 -62.0 25.5
81.8 81.8 -56.0 46.8 59.6 -53.0 41.3 86.5 -77.5
-58.2 -83.0 59.7 -39.5 -63.8 86.3 -67.1 -87.6 77.7
32.4 4.8 2.3 22.4 -14.5 23.5 17.1 -0.9 -11.0
-33.2 -23.7 -27.2 -32.5 -41.5 -12.4 -13.6 -44.0 -28.4
7.7 79.8 51.2 -1.8 60.3 76.9 0.3 81.9 46.1
-19.8 -12.8 -9.4 -1.0 -27.8 -21.2 -2.0 -21.1 -5.4
-87.1 -88.2 22.0 -89.3 -93.6 24.2 -93.3 -84.1 27.3
-38.5 -17.1 33.4 -20.0 4.5 66.3 1.8 -30.2 52.1
-62.1 -55.9 0.9 -63.8 -54.6 1.4 -60.9 -57.8 3.2
-61.2 -1.6 -33.3 -57.7 -2.4 -40.8 -66.9 -6.8 -29.6
-89.0 -93.5 41.6 -90.4 -93.9 33.9 -96.1 -95.1 42.6
-6.7 -24.0 -81.9 33.0 -43.6 -101.6 -3.4 -67.7 -88.9
63.0 14.2 -71.3 61.5 36.4 -53.2 49.9 37.2 -91.7
35.9 91.6 -56.3 25.9 98.1 -54.8 41.1 95.7 -68.0
3.1 54.6 86.9 2.6 55.5 79.9 10.4 45.9 95.1
33.1 88.9 95.8 16.8 125.5 67.8 27.7 113.8 62.0
-81.4 -23.7 5.2 -84.7 10.2 -7.1 -78.3 -4.9 7.2
-56.9 -84.4 -36.8 -29.3 -59.8 -59.8 -55.1 -67.3 -26.5
-62.8 -97.5 -15.9 -68.5 -110.2 -6.3 -70.6 -114.3 -1.1
12.6 -84.5 -17.4 4.1 -91.0 -8.3 14.2 -83.0 -29.0
67.1 32.2 54.4 72.3 30.7 53.0 62.6 38.3 49.8
84.6 13.7 -22.0 70.3 2.5 -37.5 56.3 23.2 -24.9
58.7 -3.1 87.9 88.2 -20.6 86.6 79.0 -22.6 106.4
-77.6 -19.6 43.1 -80.8 -18.3 41.6 -80.2 -16.3 44.5
16.6 81.4 42.6 32.3 82.5 28.1 11.0 77.8 20.5
-26.6 -93.4 56.5 -21.0 -87.8 68.1 -38.7 -97.0 37.3
73.6 -80.5 -88.8 103.7 -74.3 -117.1 102.8 -96.2 -103.7
-71.0 -0.8 10.9 -46.9 -2.1 21.8 -39.2 29.9 5.1
52.3 10.6 60.9 41.3 49.0 39.6 57.4 24.1 21.9
11.4 50.9 57.1 5.2 44.3 63.6 9.3 51.4 61.3
-37.2 8.6 37.7 -50.9 3.4 49.2 -56.0 22.1 45.0
98.6 63.0 26.5 90.4 57.5 16.4 85.8 77.2 39.4
43.1 -46.0 83.6 60.8 -63.6 57.1 40.4 -65.9 75.6
0.8 -8.4 99.6 -1.4 -21.7 113.1 -19.7 -3.4 125.6
-31.0 36.1 -24.0 -33.2 31.6 -21.8 -24.1 30.8 -35.8
65.6 -53.2 -45.2 22.2 -68.6 -56.7 29.4 -47.7 -34.1
76.8 -91.2 66.3 50.0 -112.6 38.1 86.7 -126.2 49.8
-84.4 -20.3 -43.1 -85.8 -43.4 -35.4 -76.8 -30.5 -27.5
-46.7 59.1 38.1 -49.9 53.1 52.7 -32.5 74.0 40.7
-32.1 8.1 25.6 -33.3 18.3 4.7 -16.4 24.8 12.1
-87.7 62.6 60.4 -90.2 61.1 62.1 -88.1 61.0 58.5
-45.0 65.5 -4.6 -30.8 37.7 -24.6 -21.5 41.6 -12.0
-8.0 26.8 -12.4 -6.8 29.3 -5.0 -9.1 23.0 -11.0
41.5 -78.5 -36.0 24.3 -53.7 -60.4 22.9 -95.7 -39.2
-16.6 46.8 50.3 -22.4 42.1 48.3 -17.9 40.9 51.9
53.5 -28.5 -46.0 49.0 -20.0 -66.7 21.8 -33.2 -62.0
-61.1 93.2 79.6 -65.2 91.3 76.3 -61.2 93.4 78.9
82.1 -93.7 -82.6 58.4 -101.1 -95.9 75.6 -81.2 -94.8
-30.1 -64.1 -12.2 -0.2 -86.6 14.8 -37.7 -70.3 -13.6
35.8 95.4 -66.6 21.7 60.1 -65.5 1.7 86.4 -77.9
3.1 -35.0 -43.9 -0.9 -31.7 -43.8 4.9 -38.8 -46.8
-97.7 51.3 -32.9 -117.3 87.0 -42.5 -106.1 43.6 -37.3
69.3 7.3 -46.4 68.3 0.7 -64.9 64.9 -16.6 -27.9
-0.3 9.3 -52.6 -2.7 11.5 -56.8 -4.9 12.1 -52.8
-48.2 65.4 -6.9 -47.2 63.5 -16.2 -56.8 61.9 -16.4
-28.9 28.2 22.4 -17.6 45.2 39.5 -38.0 37.7 12.0
-73.2 -15.4 43.4 -62.5 -4.2 38.8 -81.0 -1.5 42.0
-69.3 79.6 82.4 -69.5 76.8 85.7 -68.8 80.3 81.3
-64.4 -94.5 94.5 -81.1 -81.7 73.2 -82.6 -80.1 77.9
-50.6 -95.1 -41.1 -48.2 -77.8 -54.6 -47.9 -109.6 -18.1
-94.5 39.3 64.4 -90.3 39.6 73.2 -87.9 37.6 84.1
-77.4 22.7 78.0 -77.1 25.3 77.2 -80.6 20.3 75.2
10.6 -38.9 -74.0 1.3 -34.0 -72.4 9.9 -46.4 -64.1
71.7 34.1 -96.1 46.3 50.0 -121.3 47.6 37.6 -124.6
-58.7 -5.4 -14.2 -64.3 -5.8 9.6 -53.7 -12.0 -25.8
77.1 24.9 92.7 68.2 11.2 92.6 79.9 29.4 88.0
33.5 -21.7 50.4 46.5 -21.7 71.8 36.1 -12.5 45.9
72.4 -3.9 75.0 73.0 -3.8 67.9 72.8 -10.4 73.9
-97.7 53.6 -28.3 -121.2 20.4 -7.9 -137.4 37.3 -22.1
71.4 23.3 -9.5 93.1 40.9 -23.4 63.5 45.2 8.0
64.1 -67.4 87.6 54.6 -75.4 81.4 58.8 -51.0 72.4
-59.3 6.4 -87.5 -54.1 11.5 -86.3 -53.4 13.0 -76.8
-68.9 -90.4 50.7 -90.5 -93.2 36.3 -73.3 -69.5 27.5
1.9 12.0 0.0 -0.7 15.5 -9.9 6.4 23.2 -10.1
73.0 -59.0 -14.3 63.6 -69.9 -13.5 78.2 -51.0 -21.1
-28.2 47.8 99.4 -27.5 52.9 100.9 -23.4 44.5 98.3
18.2 -93.6 -57.2 5.8 -66.1 -96.6 10.5 -88.9 -91.8
-44.4 -38.4 2.2 -16.1 -9.3 17.0 -20.9 -28.8 -8.0
45.7 -9.0 99.8 46.7 -11.0 99.7 45.2 -8.8 101.3
-96.0 37.0 -89.8 -91.9 38.5 -78.8 -88.8 33.8 -95.7
-84.6 -49.2 -42.1 -116.9 -54.8 -44.6 -107.1 -12.9 -52.0
43.6 -18.6 -31.5 40.2 -23.3 -74.0 33.0 -36.5 -54.1
-40.6 -72.5 -2.8 -76.1 -79.7 2.0 -48.2 -68.7 20.4
7.6 69.2 -21.8 14.7 70.5 -16.0 5.8 70.6 -28.2
30.5 -71.6 -1.8 30.0 -72.3 0.7 29.9 -69.9 -3.3
-10.7 33.0 60.7 -14.5 29.8 63.4 -9.6 33.5 59.3
42.5 -8.8 12.1 37.8 -20.3 -5.2 32.6 -5.8 16.9
60.4 17.9 -84.4 61.4 14.8 -87.7 59.3 19.9 -78.9
48.2 -94.7 36.1 47.7 -96.1 40.8 45.0 -101.4 34.7
77.2 -84.9 -97.8 103.6 -65.4 -132.9 106.5 -46.9 -87.5
-49.7 -48.7 -88.7 -52.6 -51.5 -88.2 -50.8 -48.3 -90.8
96.4 92.8 -17.4 67.3 109.0 -23.0 104.5 95.1 -39.2
36.2 -18.8 39.5 20.5 -10.4 46.9 50.8 6.7 54.5
57.2 28.3 -7.0 58.0 28.2 -6.3 56.1 27.2 -6.4
-93.0 74.7 -19.4 -118.2 94.3 -11.6 -110.1 48.0 -13.6
19.7 -23.8 -91.9 38.1 -24.1 -95.8 34.4 14.4 -92.2
-96.2 25.7 36.1 -109.0 35.6 53.5 -110.3 43.1 46.5
-67.1 -39.7 32.0 -82.6 -25.8 -10.9 -79.7 -17.2 24.1
-16.0 42.9 74.3 -43.1 26.7 68.9 -13.5 44.8 72.0
74.3 -77.4 -21.4 88.3 -63.7 -31.2 79.2 -65.0 -21.7
-97.8 86.3 -52.3 -68.7 55.2 -57.0 -99.5 56.9 -32.7
-13.6 -60.4 46.4 -41.9 -74.0 83.9 -45.2 -58.8 54.0
82.4 23.0 -46.8 97.8 40.9 -32.1 102.8 13.8 -28.7
62.7 -2.0 97.0 40.3 -12.5 58.5 53.0 -6.7 101.0
33.3 -38.9 -24.3 31.2 -34.6 -27.0 37.9 -33.8 -26.9
90.3 98.4 67.9 101.9 65.6 66.3 93.5 90.9 100.5
67.3 -4.4 -78.8 98.2 -17.3 -50.3 73.9 -30.6 -60.3
50.4 -86.6 -68.3 41.6 -101.3 -104.4 69.3 -110.5 -74.8
-78.3 0.0 -6.0 -108.8 22.2 -15.9 -99.8 2.1 14.8
28.3 -99.9 25.9 32.6 -115.0 29.3 42.9 -114.8 11.1
15.7 -97.8 -74.2 17.6 -98.1 -75.2 14.1 -99.1 -74.5
23.0 -44.7 -59.3 39.7 -79.1 -51.4 49.2 -47.7 -39.3
-42.5 62.7 -55.6 -60.5 45.8 -25.3 -54.9 77.8 -46.0
-13.4 -50.4 -89.1 -17.0 -47.4 -89.1 -10.1 -55.2 -90.6
71.5 -81.6 -39.2 83.1 -103.7 -73.5 92.2 -117.5 -38.4
-91.1 -2.4 -30.0 -89.1 -3.2 -39.2 -92.8 6.8 -19.6
-95.9 -63.6 -69.3 -117.7 -80.0 -77.1 -94.1 -46.5 -67.7
9.3 23.1 -98.2 -4.2 12.6 -107.8 -2.2 3.2 -106.7
-33.8 -30.5 27.9 -36.5 -26.2 24.5 -30.7 -44.3 18.8
52.6 40.7 -88.6 67.3 66.1 -89.2 31.9 41.5 -96.5
-67.5 -11.0 -65.4 -66.8 -28.3 -66.1 -57.5 -20.6 -65.5
-20.5 -19.3 -52.7 4.2 -22.8 -34.6 -35.5 -49.3 -29.9
28.6 -50.2 -67.8 60.6 -26.1 -77.2 45.3 -49.4 -79.4
-93.8 71.1 -15.1 -120.5 89.2 6.7 -72.7 97.1 2.1
57.7 76.6 -14.7 64.8 88.9 -24.7 59.1 69.6 -5.8
22.7 -81.1 30.8 0.9 -57.1 8.4 -4.1 -76.8 39.2
-73.1 68.9 -22.0 -68.6 75.0 -49.8 -70.9 55.1 -28.2
44.0 21.2 92.4 30.8 18.3 88.3 59.1 31.5 95.3
84.9 -37.0 74.6 83.0 -72.6 62.2 81.9 -44.2 52.8
-97.9 75.9 62.4 -94.1 78.2 58.8 -99.8 72.2 63.5
51.9 -21.5 -27.6 47.9 -19.4 -29.2 55.4 -23.5 -31.4
-76.2 10.0 -40.4 -43.9 13.3 -18.6 -44.1 -8.4 -38.2
78.6 97.7 -73.8 64.8 77.8 -84.0 96.2 90.5 -71.0
36.8 38.8 -6.4 8.6 13.4 -35.7 44.4 10.3 -14.6
-34.8 -41.0 37.8 -29.3 -37.7 0.6 -37.7 -44.1 22.8
-32.3 95.9 -52.6 -31.7 73.5 -39.4 -15.9 100.2 -61.2
8.0 77.2 -80.5 43.9 94.7 -61.7 -1.3 92.7 -59.6
-27.6 54.8 -91.1 -29.1 55.7 -90.4 -28.1 54.5 -91.0
73.8 83.2 80.3 77.3 66.4 73.5 83.6 101.6 98.2
-17.5 -49.7 -11.4 -17.4 -49.4 -10.5 -17.9 -50.7 -11.1
90.1 50.9 -36.3 71.7 53.2 -47.4 102.4 67.6 -31.0
35.7 80.0 27.2 24.1 68.0 26.0 32.7 86.5 24.5
20.0 -48.7 34.6 8.5 -38.1 37.7 30.4 -54.3 38.3
-42.8 35.3 37.3 -30.1 34.4 45.2 -64.7 25.4 40.9
-62.0 -80.7 42.7 -42.2 -99.0 25.4 -65.9 -82.5 58.3
-50.1 91.6 -77.1 -45.1 95.3 -84.6 -52.6 94.1 -79.2
-49.7 -51.1 70.7 -66.0 -48.1 108.7 -43.9 -78.0 98.3
-68.4 -75.3 25.7 -74.0 -88.9 10.3 -80.1 -54.3 43.2
-33.6 48.7 -75.0 -34.3 46.9 -76.1 -32.8 47.0 -75.4
-99.5 -17.5 20.2 -100.6 -11.5 21.4 -93.8 -24.9 27.3
-80.1 -21.5 -44.4 -78.8 -24.9 -45.4 -75.3 -19.1 -45.7
19.9 48.8 -39.0 -2.1 61.9 -54.6 4.2 33.7 -37.6
13.8 -72.6 98.8 24.4 -85.0 96.4 4.1 -62.7 76.4
41.7 87.7 -75.0 26.1 92.7 -96.0 70.1 105.6 -92.1
17.1 36.6 -77.9 30.1 67.1 -90.1 12.0 46.3 -115.0
24.7 -81.7 -94.8 -7.9 -109.0 -77.1 35.4 -118.8 -63.2
88.2 86.9 21.3 89.5 85.9 19.4 90.1 86.9 23.2
-28.5 -56.6 96.3 -12.9 -48.1 78.1 -10.2 -60.2 120.1
-26.4 -59.1 -86.8 -3.9 -41.2 -58.2 -43.2 -71.4 -53.2
-31.3 78.0 36.2 -56.6 64.4 31.0 -44.7 52.9 70.1
-19.5 -27.8 -88.2 -18.5 -29.0 -87.5 -17.6 -29.9 -90.2
90.8 -46.0 34.7 91.3 -46.6 34.3 91.0 -46.1 34.9
97.8 -51.6 6.7 99.4 -53.8 6.5 95.0 -51.2 7.9
46.0 100.0 -84.8 68.6 129.6 -55.1 35.5 120.4 -49.0
-23.1 -83.2 77.4 -35.2 -74.3 91.2 -27.3 -84.7 74.8
-11.5 -92.9 26.8 -21.0 -86.9 19.6 -8.2 -83.0 34.4
-73.5 -55.7 79.1 -73.3 -78.6 49.6 -102.0 -91.3 72.1
-98.5 94.4 -74.8 -81.5 108.4 -75.8 -104.4 107.5 -75.6
42.6 35.8 64.6 21.2 22.8 87.5 61.6 36.9 84.4
53.8 -28.1 -69.0 30.2 -16.9 -81.2 48.4 -49.6 -76.9
-28.0 20.2 -47.2 -23.1 26.3 -42.9 -45.4 -1.3 -49.2
68.8 85.9 96.0 31.9 78.8 95.6 52.5 80.4 93.1
-5.1 -72.2 -82.8 -23.1 -56.5 -105.7 -6.6 -60.8 -99.3
-94.4 -84.1 76.5 -125.4 -56.1 68.7 -89.2 -78.1 75.0
-67.3 -66.7 -58.6 -98.9 -73.0 -72.0 -72.3 -53.1 -42.5
96.7 87.2 -32.1 103.4 91.7 -61.1 115.8 111.6 -38.4
52.7 60.9 33.3 55.6 47.5 46.9 37.9 51.1 31.5
37.1 -93.9 30.5 4.8 -65.2 42.6 40.9 -83.6 44.9
-24.3 9.0 -50.7 -31.5 24.3 -54.7 -24.1 4.8 -34.7
-56.3 13.0 -12.0 -44.6 17.4 -31.3 -52.5 32.3 -22.9
-54.8 -57.1 41.9 -56.6 -50.2 35.6 -50.5 -61.7 52.5
-13.6 83.5 83.5 -18.5 79.2 77.2 -3.1 99.4 92.5
-65.5 43.9 86.1 -69.7 39.2 76.7 -68.7 62.4 75.6
34.8 79.0 -73.1 53.7 84.7 -80.4 74.1 58.1 -54.9
-16.4 -30.7 -95.2 -40.9 -47.9 -100.9 -23.3 -8.9 -106.1
68.8 80.2 29.2 53.6 103.0 -3.2 72.8 59.9 -5.1
22.9 -40.3 -2.7 23.9 -41.7 -2.8 47.6 -42.0 11.0
-5.6 67.5 -85.3 -14.1 59.1 -78.6 11.1 82.9 -83.4
-83.5 -60.2 -30.5 -82.9 -62.2 -44.9 -79.0 -90.0 -30.9
-46.7 -43.3 -96.2 -27.7 -11.6 -69.8 -8.6 -45.9 -82.7
-15.2 -70.4 -33.2 -15.1 -68.4 -33.7 -18.3 -68.1 -34.9
32.1 -39.9 -67.1 33.7 -44.1 -62.0 21.0 -28.9 -66.9
-28.6 -61.1 -20.1 -61.4 -63.5 -51.4 -36.5 -66.2 -11.9
-5.6 59.4 19.0 -6.2 54.6 23.0 -1.9 55.0 21.3
0.5 -57.5 -66.5 21.3 -53.3 -79.6 7.7 -50.7 -82.3
-19.1 -48.4 84.3 -24.2 -45.8 102.4 -18.0 -26.4 75.6
78.6 16.3 10.7 70.1 16.7 14.0 67.7 13.6 15.3
54.2 -95.7 -1.6 43.5 -56.4 -12.1 63.3 -88.2 -44.6
-48.7 12.1 32.2 -59.6 12.3 40.1 -63.4 -2.7 38.8
45.2 -14.1 78.0 37.2 23.8 62.0 53.1 22.3 84.0
17.2 13.8 59.3 18.1 14.3 60.2 19.4 0.5 76.9
69.6 50.1 -48.1 79.9 42.1 -36.8 77.3 51.7 -33.5
66.1 12.3 95.1 67.5 6.2 99.1 64.8 14.6 97.7
-48.2 79.8 -92.7 -49.6 59.7 -110.2 -22.9 76.4 -97.3
80.2 -43.3 -28.2 103.8 -45.0 -42.7 115.8 -69.8 -42.1
-23.3 -69.9 62.7 -19.6 -104.9 29.6 -3.6 -86.1 29.5
11.0 -88.7 53.7 8.2 -91.4 70.7 11.8 -97.1 50.5
-68.0 -96.4 -60.4 -54.6 -117.4 -55.0 -85.8 -101.9 -20.2
-66.5 47.2 -39.7 -62.1 30.7 -47.3 -66.6 28.4 -35.1
27.2 68.9 -65.8 39.0 71.2 -67.2 15.2 70.7 -79.0
-64.7 -91.6 91.6 -65.5 -67.7 102.5 -38.7 -93.5 98.3
-19.6 -33.7 -39.7 -20.0 -31.3 -46.3 -26.2 -37.4 -45.0
3.7 -17.3 -24.8 10.8 -26.9 -33.1 16.1 -12.5 -35.0
3.7 6.8 -3.2 2.2 6.8 -1.8 2.6 6.3 -4.1
-57.0 -10.5 -44.9 -35.4 13.6 -33.6 -32.3 16.7 -17.1
86.9 -87.0 76.1 92.5 -106.0 58.5 99.4 -68.6 84.7
95.5 87.5 68.9 95.5 84.8 59.1 91.8 89.9 67.0
-57.5 -28.1 -53.2 -61.1 -55.5 -16.0 -48.3 -41.0 -27.6
45.1 27.8 -43.0 43.6 29.5 -41.8 55.4 35.2 -45.0
-14.7 27.3 -7.4 -13.8 26.4 -7.6 -15.6 27.2 -7.1
-71.8 12.5 87.8 -58.7 25.9 61.1 -82.6 17.6 59.6
46.8 46.2 -51.0 55.7 50.1 -23.6 17.9 52.8 -30.9
-18.9 98.3 -13.7 -53.9 125.8 4.8 -27.7 128.1 -26.1
-44.0 -51.9 -84.4 -28.7 -83.5 -72.4 -38.3 -46.7 -99.8
62.8 -58.1 9.1 47.6 -64.0 -16.5 76.0 -42.1 -4.6
-45.3 19.7 17.4 -37.2 16.4 14.2 -53.2 27.7 18.9
-88.4 -79.0 75.0 -85.4 -85.2 72.7 -81.5 -75.9 78.2
27.4 49.7 79.6 26.1 46.8 77.2 25.6 51.5 82.2
86.6 -98.1 -3.9 93.7 -90.2 -10.9 80.8 -89.6 -11.3
15.5 -76.8 -12.3 30.5 -75.3 -26.2 35.2 -76.9 -34.3
88.1 1.8 7.2 58.1 19.7 17.3 82.5 15.3 -3.3
-42.7 90.3 -98.0 -41.3 90.8 -101.2 -41.9 87.6 -95.2
-21.4 76.1 -73.3 -32.0 75.9 -73.2 -27.5 69.9 -79.3
77.0 16.0 -84.5 75.8 32.3 -131.1 72.1 57.3 -100.4
25.5 -34.3 42.7 24.6 -33.0 43.4 29.3 -37.7 46.3
-30.0 -41.3 4.0 -27.4 -50.2 14.4 -45.7 -40.3 26.7
67.2 27.9 -30.1 65.1 23.0 -35.2 61.5 28.7 -36.1
35.5 0.8 44.0 36.3 -15.1 11.1 5.7 -22.3 21.1
-95.5 -67.6 5.4 -86.6 -75.0 12.6 -95.0 -68.0 1.9
-76.7 -96.0 63.4 -82.7 -85.5 66.4 -80.6 -105.6 57.1
40.9 40.2 -48.5 60.8 58.8 -48.4 63.2 63.7 -38.3
47.0 -97.1 38.9 17.8 -97.7 26.6 45.0 -75.1 27.8
-74.5 93.2 -66.1 -48.0 117.0 -85.5 -76.9 91.3 -68.2
-8.2 -78.1 -77.7 2.2 -83.3 -107.2 6.6 -103.9 -85.8
80.2 64.8 42.9 73.2 86.2 62.4 70.7 54.2 29.6
-84.9 -58.5 48.8 -97.3 -50.3 59.5 -84.6 -69.9 58.7
-10.5 -87.0 3.6 -16.9 -99.2 0.1 0.1 -68.9 -0.3
-67.7 19.0 -43.1 -93.2 16.3 -49.5 -79.5 31.7 -35.5
-1.1 63.9 -1.1 -3.5 58.6 0.5 -5.0 65.7 1.7
0.6 56.5 -85.6 12.0 50.0 -73.2 -10.7 39.8 -76.8
-69.6 54.0 12.1 -63.8 76.6 33.5 -62.3 61.0 9.7
-84.5 -29.5 80.9 -99.4 -45.2 78.6 -76.9 -42.5 94.6
-23.6 66.6 -90.4 -23.2 94.0 -114.5 -40.9 69.8 -93.0
-30.5 57.1 -13.1 -28.0 52.2 -18.1 -32.5 58.4 -11.9
-16.1 90.0 -25.7 -27.5 77.7 -23.5 -15.0 99.2 -20.7
70.5 17.4 67.1 76.9 46.6 35.8 99.5 29.6 59.6
-83.9 63.2 -65.3 -67.4 66.0 -45.6 -78.7 46.1 -78.2
-43.6 -59.8 -84.9 -45.8 -56.8 -88.8 -41.8 -70.8 -82.1
-59.6 70.2 74.2 -63.6 64.9 76.8 -56.6 74.4 73.0
-85.7 -75.9 4.3 -87.4 -72.0 6.4 -89.3 -76.5 8.8
-66.5 -58.0 46.8 -85.8 -23.0 46.5 -103.8 -49.4 43.0
40.9 -10.0 72.8 23.7 1.7 65.1 59.4 -10.9 72.1
37.9 17.3 54.1 56.2 34.4 40.1 53.3 10.4 71.6
-50.1 -28.5 1.1 -43.1 -51.6 -8.3 -62.4 -49.7 27.9
-67.4 93.2 -28.2 -79.6 130.3 -17.6 -58.1 94.9 -10.0
77.5 -1.2 85.9 76.4 0.1 101.9 100.4 27.4 105.5
-2.4 -25.5 44.2 10.2 -36.5 29.9 9.3 -8.8 65.7
-95.0 21.5 14.0 -88.0 18.8 24.2 -93.7 18.2 11.1
-58.9 -68.0 -62.6 -68.1 -69.0 -52.4 -68.8 -74.5 -56.6
74.8 58.7 -61.3 87.9 51.6 -78.1 94.8 42.4 -42.5
76.7 88.9 33.7 78.0 90.4 31.0 77.8 87.2 33.5
29.1 -39.3 55.5 56.7 -13.4 45.6 55.1 -11.2 56.8
26.8 85.9 -1.5 31.6 76.5 4.1 36.7 76.3 9.9
85.7 -58.8 40.2 65.1 -54.0 25.7 71.2 -71.1 38.9
-37.2 13.7 -24.7 -70.0 -2.7 -23.4 -39.6 -7.0 -24.2
43.1 -67.1 90.4 41.9 -65.4 92.3 45.0 -67.2 88.9
-71.4 21.4 -17.0 -64.2 30.4 -45.2 -50.8 43.8 -29.0
-49.7 -15.9 -28.4 -61.7 -8.9 -14.7 -46.4 -24.6 -36.2
-44.0 20.7 -3.1 -23.1 23.1 -32.5 -35.3 10.6 12.3
-7.3 57.0 54.3 -9.9 53.9 40.9 -8.4 49.2 63.8
68.5 47.9 18.7 46.4 46.9 -6.5 44.0 22.7 6.4
-93.4 95.7 -98.6 -92.6 92.5 -103.2 -90.4 99.6 -98.5
-16.5 74.5 51.2 -4.7 82.8 53.1 -28.3 70.1 58.0
53.7 -21.3 0.9 51.0 -24.2 12.1 55.6 -18.9 16.8
-86.1 -20.6 -48.4 -86.7 -16.4 -44.8 -81.6 -26.7 -52.1
-56.9 -72.4 -42.1 -43.5 -107.8 -65.8 -77.3 -80.5 -83.2
98.6 -70.1 32.6 85.6 -100.7 16.9 127.7 -91.0 34.3
17.0 -84.1 -32.9 33.3 -53.4 -55.3 15.2 -53.8 -55.0
69.1 -63.8 70.4 70.0 -63.7 81.8 71.0 -55.8 66.2
54.3 -49.3 89.9 78.7 -42.7 48.3 44.1 -20.4 61.1
-21.3 63.5 22.1 -12.3 62.7 35.3 -5.2 69.5 34.6
-25.3 10.1 -0.3 -30.3 5.4 -2.7 -23.8 15.5 -0.2
52.7 13.1 -93.3 53.1 16.4 -96.9 54.5 11.5 -90.4
41.7 -95.6 55.0 76.7 -101.9 72.7 63.1 -110.0 45.4
40.0 -5.8 -1.8 38.8 27.4 27.8 67.1 -5.7 16.9
-52.3 66.5 40.3 -79.6 80.0 29.3 -81.7 71.7 55.5
57.2 -40.1 56.3 70.0 -8.3 51.1 62.5 -18.9 38.3
87.7 -18.6 5.6 102.7 -9.9 -10.6 100.7 -7.6 -4.3
73.0 -6.5 30.9 48.3 25.4 59.6 54.9 13.4 44.4
68.5 -6.7 48.9 64.7 5.1 49.2 68.9 -12.8 51.7
33.8 -92.2 17.6 24.2 -125.7 8.2 34.8 -83.9 -0.1
-83.7 -70.7 3.4 -119.9 -95.9 4.2 -81.2 -85.1 -5.1
-96.7 95.8 -21.8 -100.0 99.5 -57.7 -132.2 75.4 -30.8
-12.6 34.1 -77.1 8.5 51.3 -92.9 -26.5 26.7 -78.6
47.7 -58.9 5.7 53.4 -77.8 25.5 45.3 -95.0 -9.9
-27.7 -69.6 88.7 -13.4 -50.5 77.3 -19.3 -85.2 86.1
-1.6 50.5 37.7 -28.7 86.3 49.1 -7.0 65.3 21.2
20.1 -99.3 94.8 25.6 -113.6 105.5 41.5 -90.6 111.3
-61.6 34.2 80.1 -54.6 19.7 86.0 -44.4 51.0 91.6
43.4 -22.7 21.9 28.6 -23.4 35.3 48.9 -10.3 26.3
-80.2 -42.2 92.3 -71.0 -24.8 90.1 -80.8 -26.9 78.9
-58.1 68.6 -67.2 -48.0 59.3 -58.6 -57.6 56.2 -61.8
68.4 81.6 78.8 67.4 82.3 77.0 67.1 80.8 76.5
82.2 45.6 75.3 82.2 46.7 74.6 83.4 45.4 74.5
-93.0 18.1 -78.3 -104.0 -3.1 -59.8 -111.4 -25.6 -74.8
91.9 -58.2 -40.8 99.3 -52.4 -52.3 95.4 -48.7 -48.8
66.2 -80.9 -91.3 54.9 -89.0 -78.4 47.8 -71.6 -86.0
-67.4 19.6 92.2 -73.6 -1.7 72.6 -63.7 20.2 76.1
-62.8 92.4 -55.0 -25.9 79.7 -53.0 -61.0 52.1 -45.3
-34.3 10.3 -70.2 -60.2 38.9 -91.9 -60.2 38.9 -57.2
75.8 46.9 -74.9 71.9 18.3 -96.4 105.1 27.6 -87.7
69.5 -59.8 -25.5 73.7 -53.3 -32.3 63.2 -53.2 -22.5
81.5 -34.1 17.0 81.5 -34.2 16.9 81.7 -34.1 17.1
-62.7 -97.7 97.2 -61.9 -99.2 97.6 -62.8 -96.6 98.6
7.5 -60.6 -30.8 24.0 -67.2 -36.9 24.7 -65.1 -38.1
-56.1 78.7 79.1 -53.9 79.5 94.2 -48.3 76.7 79.4
-38.1 91.4 -39.7 -34.6 86.6 -39.6 -38.6 91.6 -41.4
-2.9 40.1 79.1 4.9 47.8 69.3 -19.2 46.9 82.8
96.4 -59.4 -64.2 97.7 -60.1 -63.0 97.6 -58.2 -64.5
35.9 -15.6 52.5 21.6 -42.1 40.4 30.9 -14.2 45.8
-80.9 46.1 19.7 -82.7 49.9 16.5 -86.7 43.2 16.3
92.4 -45.8 -97.0 95.0 -42.2 -95.0 93.6 -47.5 -99.0
66.7 21.0 67.2 75.1 18.6 47.1 59.2 43.0 75.3
11.5 -50.6 -25.8 15.8 -48.2 -30.1 7.8 -48.1 -27.5
-9.0 75.8 59.9 -21.6 61.5 46.6 2.3 84.2 64.4
99.4 76.9 -99.7 102.4 80.0 -105.4 111.6 105.2 -112.2
-75.0 -17.9 -66.8 -66.4 -21.7 -67.7 -83.2 -19.1 -72.5
88.9 11.2 58.8 77.8 2.7 33.7 88.9 -11.4 77.6
84.6 5.3 -33.4 74.8 -1.3 -31.2 94.7 -16.7 -35.5
20.4 54.8 33.0 6.9 42.9 39.6 21.1 44.6 21.8
25.0 -70.4 39.1 25.1 -71.7 37.7 25.6 -68.9 38.5
-85.0 89.7 55.7 -65.8 64.6 60.5 -89.1 101.2 62.4
5.7 -59.9 98.9 -9.7 -80.1 82.8 23.3 -55.8 91.0
85.1 42.8 -77.7 70.4 38.9 -90.8 82.1 20.7 -55.0
77.0 -47.7 -14.1 86.5 -35.5 -11.3 64.6 -66.7 -26.2
-96.1 99.6 -1.5 -96.5 99.3 -1.0 -96.4 99.2 -1.5
38.6 90.2 -16.7 24.3 75.2 -5.0 31.5 89.4 -4.1
1.6 -19.7 -25.9 -39.4 -26.7 -49.0 -28.1 -37.7 -45.0
76.4 -45.6 41.4 94.2 -38.4 63.5 72.7 -70.7 40.0
-13.8 -68.9 -98.4 -24.8 -78.0 -99.4 -6.9 -80.7 -99.4
78.7 95.9 38.0 76.5 93.1 31.2 83.2 96.6 37.0
-76.6 93.0 -6.8 -91.0 77.8 -23.8 -98.8 102.7 -18.8
-36.5 96.0 63.0 -37.0 98.4 80.5 -20.7 90.5 45.7
46.4 89.9 -90.0 45.3 90.9 -91.2 45.6 90.2 -89.8
-57.3 -15.4 -89.3 -81.4 -12.3 -107.3 -101.5 -16.6 -112.1
36.6 -21.5 -52.6 37.5 -22.7 -51.1 35.3 -21.1 -53.2
31.3 -85.4 36.0 32.2 -124.6 37.1 39.2 -105.6 22.2
32.5 65.2 30.5 40.9 65.1 28.1 28.2 66.1 36.3
45.8 -81.8 4.1 61.4 -61.9 1.0 60.3 -57.7 -26.3
-71.8 -66.3 21.9 -70.5 -60.0 19.1 -78.2 -66.4 23.2
-98.6 -16.6 -72.4 -66.2 -9.1 -102.4 -83.7 0.7 -103.0
-31.4 -93.6 96.0 -12.4 -81.8 102.6 -33.2 -98.9 79.4
-33.6 81.1 -71.2 -37.0 80.0 -61.5 -28.8 79.5 -57.8
48.2 -45.6 54.7 57.6 -31.4 39.5 65.1 -45.4 67.3
35.0 2.2 19.7 15.4 17.2 12.9 44.5 -6.7 29.2
-32.6 12.5 -32.4 -36.6 12.0 -47.1 -51.0 -14.1 -13.5
-20.9 -61.3 78.2 -48.7 -45.1 44.2 -39.5 -51.3 80.9
-45.1 38.8 -87.5 -47.4 34.2 -84.6 -43.7 42.0 -92.1
-10.6 4.0 51.9 -16.2 -2.6 93.2 -11.1 37.9 66.6
-57.9 -50.6 40.3 -62.1 -55.4 43.7 -56.7 -54.9 41.0
-6.8 -33.0 -33.6 12.2 -33.5 -32.8 17.0 -9.6 -60.1
-48.4 -73.1 -0.1 -69.8 -89.4 35.2 -62.9 -50.0 24.3
-24.8 90.5 99.8 -25.7 112.8 113.9 -33.6 93.1 117.7
-23.4 -89.0 -43.3 1.5 -81.1 -58.1 -28.0 -90.3 -67.7
-56.9 -75.9 76.4 -51.0 -65.6 66.4 -55.9 -37.9 48.1
74.7 80.2 22.0 84.5 105.8 -1.4 53.4 105.4 37.4
90.8 -87.6 -45.9 74.9 -72.0 -41.7 102.3 -65.7 -72.3
6.6 34.7 89.9 3.6 45.1 81.5 13.8 26.2 96.7
99.0 -38.3 26.0 102.8 -38.1 22.8 101.3 -36.7 22.1
31.0 -92.6 -75.0 41.0 -89.6 -80.6 17.5 -107.5 -90.7
-65.0 87.2 24.2 -58.1 95.6 38.9 -54.0 89.8 11.5
56.2 -11.1 -87.4 49.3 -24.1 -91.5 57.3 9.0 -106.7
82.2 -33.6 -50.9 63.7 -48.1 -52.7 82.7 -36.3 -42.1
-65.4 24.3 73.2 -37.9 47.4 69.9 -29.2 15.2 100.6
24.8 -76.7 29.2 27.9 -74.0 27.3 29.0 -79.9 34.2
-5.2 99.4 37.4 8.4 94.6 71.7 -17.5 71.3 56.9
8.2 -57.0 0.1 4.7 -58.3 -3.0 9.3 -59.4 1.0
37.7 -1.7 -26.2 50.8 0.4 -34.7 31.3 -6.9 -25.4
32.3 -81.7 57.1 6.1 -88.3 56.1 1.0 -66.1 66.0
99.2 -39.3 35.1 118.9 -80.1 52.0 98.2 -77.9 28.7
97.2 -47.2 26.3 127.0 -35.7 7.1 100.7 -20.5 -11.4
27.3 -73.4 -41.8 32.4 -59.4 -29.1 8.4 -78.5 -4.1
99.2 -42.2 50.0 126.2 -76.3 63.8 109.9 -79.2 25.5
-1.9 83.1 18.6 -1.3 81.8 19.0 -1.2 82.5 18.7
-29.8 21.2 96.6 -34.9 24.2 93.4 -34.8 15.8 98.6
-50.3 -18.3 20.2 -46.3 -16.8 16.6 -51.8 -22.9 17.2
14.6 -3.4 11.7 25.2 -13.3 2.1 17.8 3.6 7.9
52.8 -36.2 36.0 48.0 -16.4 9.3 62.5 -11.7 11.8
44.5 28.8 26.6 30.2 12.3 32.7 40.5 27.2 40.9
-9.3 31.1 53.9 -28.7 5.7 33.0 -8.2 49.8 38.2
64.7 -9.5 90.8 59.9 -14.0 100.3 62.2 -7.5 98.2
-75.7 -62.5 93.0 -77.6 -64.2 89.2 -78.9 -67.7 89.9
-36.9 15.1 42.3 -48.1 17.7 59.1 -51.6 -0.7 53.7
85.6 93.7 29.2 79.8 68.0 1.2 63.5 74.2 27.9
32.2 -54.0 -32.9 24.5 -66.0 -27.9 31.4 -58.6 -24.8
2.0 -40.1 25.3 4.3 -59.6 25.4 -6.2 -43.2 44.0
92.5 -69.0 75.4 96.6 -59.4 60.4 88.1 -47.1 74.0
-71.6 65.7 83.0 -53.2 77.9 98.5 -70.7 48.9 62.0
-65.7 -6.5 94.0 -68.5 -18.9 90.5 -41.2 -0.4 114.4
-25.0 62.8 58.9 -25.8 79.3 74.5 -17.8 50.8 73.8
-37.3 47.7 -44.8 -19.4 66.6 -52.5 -30.2 42.5 -42.9
-28.1 -82.6 -49.1 -32.5 -87.0 -46.7 -28.5 -78.2 -50.3
33.8 -72.6 28.9 52.3 -59.7 25.7 44.3 -75.8 37.2
79.0 66.1 54.2 68.7 71.7 52.9 79.7 60.4 65.5
-97.8 -70.2 -90.2 -94.7 -66.2 -82.5 -106.6 -92.8 -83.7
1.7 -62.1 46.8 1.9 -62.2 46.9 1.7 -62.3 46.7
-8.7 60.0 88.9 -10.8 62.7 89.3 -7.9 59.6 91.3
95.9 -96.7 41.8 68.5 -95.1 51.6 71.0 -113.6 32.0
62.2 -73.9 8.3 58.2 -76.5 15.1 57.0 -68.6 9.8
-16.3 -13.1 82.7 -7.5 -28.0 70.8 -27.5 -1.7 62.2
-15.2 -88.2 76.8 -17.2 -105.4 45.6 -18.3 -91.8 67.8
18.4 65.4 -48.5 17.1 34.4 -42.7 15.5 44.3 -52.0
-42.2 44.2 9.2 -12.4 77.6 -6.4 -16.4 78.8 5.7
88.9 -91.6 44.7 85.0 -91.0 43.9 85.9 -96.0 49.4
-46.1 -59.0 -18.2 -40.6 -66.1 -25.4 -42.3 -60.3 -23.8
37.6 -49.5 25.0 -2.1 -36.7 51.3 23.0 -65.3 29.4
-52.2 5.9 -12.6 -74.6 -10.2 9.6 -66.3 -2.3 -10.1
-16.3 -68.9 -56.9 18.6 -73.0 -79.0 3.1 -83.7 -76.6
19.1 -3.1 17.4 16.3 -2.5 13.2 20.2 1.6 17.1
-16.6 40.7 87.6 -23.7 59.8 82.9 -32.9 20.9 103.4
-14.4 91.6 36.4 -34.4 79.2 40.4 -21.7 113.7 57.0
-95.3 67.7 33.0 -89.7 60.3 57.3 -80.6 92.0 50.3
42.8 87.7 30.8 31.7 88.4 43.3 49.8 97.3 49.4
-24.4 -7.1 -28.0 -21.6 -33.8 -8.2 -17.4 -36.8 9.6
-5.5 70.7 -55.6 -11.0 78.1 -26.4 20.0 63.4 -38.6
-96.1 -82.5 -20.3 -96.1 -82.4 -20.3 -96.1 -82.6 -20.2
-89.1 -30.4 39.2 -87.1 -27.9 41.5 -87.3 -30.6 36.2
-18.2 -70.3 -50.3 -15.0 -74.3 -44.7 -15.8 -75.8 -51.9
22.0 -86.2 32.6 16.1 -92.4 26.5 27.4 -87.2 29.0
-61.4 -55.1 -41.4 -39.8 -74.0 -69.1 -62.4 -85.3 -36.2
-18.1 -36.8 -49.9 -23.2 -29.0 -60.1 -3.8 -51.6 -56.2
26.2 42.3 11.0 25.3 45.8 11.4 28.8 37.8 10.0
16.9 -84.4 64.6 20.1 -70.2 67.6 12.3 -91.2 67.7
5.8 93.8 3.7 -13.7 86.8 9.5 -24.1 130.2 -8.3
25.0 46.0 -83.9 23.7 39.8 -76.8 20.0 54.0 -92.0
-64.4 -5.5 -56.5 -44.0 -9.6 -67.7 -49.1 -8.9 -75.8
-93.1 18.7 10.3 -80.8 14.5 -34.7 -87.9 39.4 -7.3
-1.3 -57.0 -42.1 -0.3 -59.1 -40.0 0.6 -56.1 -42.9
-7.5 13.8 38.0 4.2 43.4 22.6 0.2 30.7 48.6
27.4 -90.9 -86.7 26.9 -83.6 -102.2 13.9 -110.5 -100.6
89.1 80.9 83.5 84.1 79.5 93.6 68.9 106.6 79.2
10.0 54.6 -28.0 22.8 56.5 -30.0 15.7 45.3 -38.6
-25.4 10.2 20.7 -23.6 8.0 21.8 -27.6 8.8 21.9
-60.4 -12.9 26.1 -45.5 -12.4 5.1 -80.0 10.4 -11.4
-61.3 71.4 67.4 -64.3 97.5 33.6 -34.0 77.2 44.4
55.5 -10.1 -86.6 81.6 3.4 -83.9 66.7 4.6 -73.0
81.0 -83.0 95.6 94.5 -108.5 68.5 57.9 -107.2 77.2
-8.4 99.8 71.1 -5.8 100.9 68.4 2.4 100.4 64.0
92.8 -30.5 -73.0 98.1 -61.4 -99.7 81.8 -32.5 -103.3
-71.9 6.4 23.9 -80.4 11.0 17.3 -66.4 12.8 18.8
64.6 -93.3 34.4 84.2 -111.6 2.6 45.6 -137.0 19.5
32.4 67.4 28.1 33.4 60.9 18.0 29.8 66.4 17.7
-64.0 54.2 -6.4 -63.6 74.6 -26.3 -61.9 56.9 0.3
-8.0 -8.3 29.4 -5.9 -20.9 6.6 -26.7 -5.2 7.8
-56.5 -97.1 78.3 -63.4 -98.8 85.4 -61.1 -90.9 74.8
-8.0 57.5 -25.1 -39.0 64.6 -21.1 -32.8 84.6 -39.9
-97.6 -39.5 41.5 -73.7 -15.2 61.6 -80.1 -35.1 18.4
-46.7 68.9 -15.1 -31.1 80.0 -36.2 -58.4 86.2 -34.1
15.2 26.7 -94.7 13.7 23.2 -93.4 11.8 25.3 -95.3
-56.2 -17.3 25.8 -29.6 -32.4 55.4 -36.8 -43.1 27.1
-6.1 67.2 62.8 -8.7 79.3 80.4 -1.6 43.0 69.9
-60.7 99.2 -32.2 -77.7 119.9 -54.7 -71.5 88.3 -39.9
-29.1 46.4 -35.6 -5.3 82.1 -39.7 -31.4 81.2 -36.5
88.1 55.6 -72.9 118.8 45.4 -95.4 103.0 59.7 -100.4
-33.8 -79.5 42.7 -31.7 -109.7 26.9 -8.3 -113.5 47.1
-99.1 -58.1 79.2 -94.8 -76.8 95.1 -99.1 -56.3 90.8
-7.7 22.9 53.9 34.5 -0.1 62.5 4.1 32.4 83.8
37.1 -39.7 -59.7 35.6 -39.2 -45.8 45.6 -45.0 -58.0
-28.2 50.3 -98.6 -4.5 27.1 -101.8 -40.1 39.4 -105.7
-64.6 -72.9 -77.0 -69.5 -71.7 -80.6 -66.7 -75.6 -74.5
-10.0 8.8 46.6 14.2 -26.2 23.9 -4.3 -4.0 8.7
-19.9 -41.9 -74.5 -44.8 -35.6 -59.4 -5.1 -38.5 -74.8
63.9 50.2 42.4 63.1 53.0 43.9 66.4 52.9 42.1
-20.7 61.0 15.7 -18.7 67.2 -5.6 -6.9 60.6 6.0
-20.0 -79.2 -5.8 -26.8 -80.1 3.5 -28.2 -86.6 -6.1
-77.9 14.5 -71.3 -78.0 -17.4 -43.9 -98.5 -24.5 -47.8
14.0 68.5 -53.5 -19.5 71.4 -22.3 9.6 60.4 -45.4
67.0 49.4 -46.2 78.9 13.6 -65.6 91.1 61.7 -69.1
88.1 -27.7 -66.5 91.5 -31.8 -60.8 83.7 -34.8 -69.1
-65.6 91.5 34.6 -53.4 102.6 28.6 -69.1 87.9 25.0
62.4 -33.7 42.7 56.1 -21.4 44.1 94.2 -36.1 18.3
-92.7 -63.4 -58.3 -87.0 -58.1 -61.7 -89.8 -72.0 -60.5
47.0 34.9 -71.3 42.3 37.8 -88.0 57.9 56.3 -69.5
-19.8 -12.2 95.1 -29.3 -24.8 96.5 -12.2 -27.2 79.1
-74.4 -24.9 -7.4 -68.8 -14.9 22.4 -57.7 17.1 10.2
-22.9 71.6 -32.2 -22.8 71.5 -32.0 -23.0 71.5 -31.9
15.4 -54.6 -62.3 47.6 -42.9 -47.6 55.7 -63.8 -66.2
68.0 -82.1 55.3 68.2 -96.8 40.8 57.3 -88.5 43.4
55.0 -49.3 46.6 44.1 -71.5 36.4 43.4 -48.1 27.2
15.8 -48.1 54.9 24.0 -23.8 41.2 18.6 -27.7 62.5
-69.0 -80.1 -69.6 -65.5 -89.2 -70.7 -60.3 -76.4 -49.6
43.6 -25.3 -88.1 31.7 -20.9 -82.6 43.7 -9.9 -101.1
94.9 46.8 -68.6 95.3 52.5 -67.1 99.7 44.5 -69.2
38.3 -64.7 -62.5 51.5 -67.8 -56.3 28.1 -84.6 -76.4
-4.0 -87.6 95.8 -7.1 -86.0 80.8 -17.9 -101.0 107.9
92.8 76.8 5.7 76.8 61.1 -22.5 108.9 68.7 -38.8
-45.0 65.1 -19.5 -21.4 63.2 4.9 -41.2 58.3 -33.4
15.8 81.0 78.9 15.4 90.6 78.9 18.6 75.2 91.6
-77.4 65.7 -84.0 -52.5 80.3 -95.7 -75.3 45.7 -91.5
85.1 46.6 31.4 74.5 26.3 33.9 99.8 32.8 38.6
40.5 -29.0 -52.4 20.4 -25.1 -68.8 50.2 -13.0 -61.4
-50.5 99.3 -29.3 -25.6 83.5 -48.2 -73.1 70.9 -46.1
-11.6 -80.8 -11.2 -10.8 -67.4 -20.1 -20.4 -85.2 1.4
-95.2 94.3 86.2 -104.9 101.4 80.6 -92.7 112.3 80.0
-21.1 89.0 96.0 -21.5 88.7 96.3 -21.5 88.9 96.5
38.0 -84.0 41.2 38.2 -84.7 39.9 38.7 -84.2 40.9
-96.1 -39.8 10.5 -105.6 -5.9 -8.0 -78.2 2.6 14.6
18.2 66.9 46.9 25.2 45.9 54.7 35.2 46.5 43.6
-86.8 49.6 62.4 -96.7 50.6 53.6 -75.1 53.4 54.9
-18.7 -28.3 31.6 -37.1 -44.9 33.6 -20.4 -16.9 33.2
58.9 48.9 -82.3 27.7 32.4 -81.5 37.7 70.6 -73.9
-81.5 -65.4 -67.3 -71.9 -73.2 -86.4 -81.6 -66.4 -51.4
-72.2 42.5 4.2 -79.6 47.2 -1.8 -79.1 48.9 1.3
-50.1 15.2 -73.9 -50.1 48.6 -104.0 -60.8 38.0 -80.8
5.9 -71.5 -94.8 -16.0 -98.8 -83.0 -29.3 -73.3 -119.8
35.8 -73.9 75.9 37.8 -77.3 97.1 28.2 -64.3 56.9
-14.9 91.4 27.8 -5.2 81.2 39.0 -5.6 91.1 32.9
61.2 24.2 -94.7 51.2 13.7 -109.0 28.3 13.9 -76.4
36.9 96.5 21.1 41.6 95.2 26.7 38.7 99.8 22.3
78.6 -67.2 21.0 75.7 -64.0 19.0 75.1 -65.3 23.4
-66.8 -16.3 71.1 -73.2 -7.6 67.5 -67.8 -7.1 73.9
-37.1 88.7 -52.9 -31.3 81.4 -54.1 -31.4 100.2 -59.9
-35.6 89.5 -76.6 -38.3 90.9 -78.5 -36.8 91.5 -74.6
26.8 84.2 -97.0 36.3 125.8 -83.9 32.7 97.1 -70.1
10.5 35.0 -56.8 -10.1 16.8 -86.3 30.8 10.1 -73.4
43.1 6.1 -18.7 43.2 11.9 -23.4 55.3 26.4 -20.2
-90.0 0.4 -72.4 -115.3 -16.8 -41.4 -116.7 -1.7 -70.5
63.3 -44.6 69.7 68.3 -38.7 65.5 56.3 -44.4 69.1
77.5 3.6 72.4 53.4 22.3 48.0 46.3 8.9 59.4
32.9 78.4 36.8 38.0 84.8 23.1 16.9 84.6 55.7
-48.4 -47.7 -27.9 -33.9 -18.9 -56.3 -55.6 -11.9 -51.6
-84.7 96.7 -72.6 -101.9 112.5 -85.8 -88.5 89.3 -56.2
-72.4 17.8 58.9 -86.1 25.6 42.5 -90.0 22.8 59.1
30.7 -7.8 -69.5 30.3 -8.3 -68.0 30.5 -7.0 -68.2
-7.0 -45.5 -50.2 -6.0 -58.8 -56.1 0.1 -45.1 -45.4
96.9 17.6 3.5 67.4 -16.4 -7.6 69.7 10.9 -2.9
80.3 32.1 10.0 70.5 32.3 1.8 77.1 53.1 -16.6
59.5 -7.9 50.8 48.6 2.2 45.3 46.2 -5.2 49.9
-6.5 26.3 90.9 -5.2 37.2 89.9 -5.4 16.9 100.1
-7.8 -39.9 -69.9 5.7 -37.9 -68.8 -16.7 -57.6 -75.1
86.9 52.5 42.6 76.1 84.8 65.6 70.5 35.9 71.3
45.1 -20.1 -19.8 51.1 -24.0 -30.1 65.1 -22.2 -38.4
75.9 85.9 68.6 74.7 88.5 67.1 73.2 88.8 69.9
84.3 60.0 60.1 69.4 58.5 59.2 84.2 68.5 69.1
-90.4 -61.9 -85.1 -96.5 -72.6 -88.6 -88.7 -54.6 -78.0
28.2 -11.6 -54.4 29.2 -24.9 -71.0 42.2 -17.5 -36.5
7.7 56.6 27.9 12.3 61.0 24.2 3.1 52.1 19.2
81.3 -49.3 -58.5 81.9 -51.8 -59.0 84.3 -47.7 -60.2
-14.5 36.7 1.4 -0.2 57.5 12.1 4.0 50.3 -17.7
20.5 11.8 -91.0 -4.7 3.3 -110.0 14.6 19.3 -93.5
-6.8 87.2 32.2 35.0 105.7 31.2 8.3 77.2 53.0
-34.7 82.1 -59.3 -18.0 77.6 -26.0 7.6 89.4 -65.6
-84.7 11.6 -89.7 -66.3 -3.7 -109.8 -92.5 27.8 -105.5
54.4 -82.4 75.0 68.0 -99.0 81.8 43.2 -94.0 59.8
76.5 -15.4 -49.9 74.1 -17.4 -50.8 74.7 -17.8 -47.2
89.8 86.9 91.8 89.4 85.7 92.5 89.5 86.8 92.1
-21.3 -15.9 -68.7 -19.3 -10.9 -65.6 -23.1 -21.1 -63.6
-78.3 -66.9 6.6 -57.8 -69.0 2.1 -87.9 -59.5 7.2
12.1 42.9 69.6 41.7 79.0 78.0 3.7 61.9 60.9
-53.0 -34.8 77.9 -37.3 -19.2 84.9 -55.3 -45.8 87.9
-95.6 69.5 68.0 -86.1 49.8 80.1 -112.3 83.4 85.9
-68.0 -48.9 78.2 -65.0 -62.7 57.0 -70.6 -43.9 91.5
88.0 -81.3 34.8 76.9 -70.6 44.0 100.0 -69.2 8.1
54.1 -89.7 -49.1 33.7 -61.4 -80.6 63.0 -77.4 -57.1
61.0 28.9 -59.1 41.0 3.5 -85.4 23.3 39.6 -86.6
85.5 -95.8 -56.1 84.8 -102.1 -61.4 92.6 -94.4 -52.1
-14.3 -87.1 -51.9 -19.2 -76.9 -34.1 -9.2 -84.5 -29.4
3.7 9.0 -79.3 25.6 29.5 -106.8 32.9 0.6 -80.7
-36.7 92.4 -67.4 -54.7 79.9 -50.4 -25.4 73.6 -72.0
-14.2 63.8 -17.9 -16.8 63.4 -16.8 -12.4 62.4 -17.4
-12.6 59.2 -97.6 -11.1 65.6 -91.5 -12.8 63.1 -99.7
93.0 62.8 -7.3 101.1 50.4 -2.3 96.5 68.3 1.5
33.3 -33.6 41.6 48.5 -44.3 48.4 38.2 -50.3 56.7
78.5 -8.8 0.6 66.6 -15.9 13.7 64.8 -1.6 7.3
-53.1 -10.7 -52.2 -75.3 -33.2 -68.9 -82.5 8.7 -51.5
-85.3 50.4 20.3 -92.2 67.3 52.3 -73.0 63.1 55.0
13.2 27.5 -54.4 16.4 28.8 -57.8 18.5 32.2 -60.1
53.4 86.8 28.9 58.5 91.4 31.1 54.7 92.3 25.7
85.4 35.0 -27.8 88.7 37.2 -26.0 85.9 22.1 -40.8
-52.6 64.6 -56.2 -30.7 49.9 -62.4 -13.2 47.1 -39.2
2.4 -19.1 26.8 -6.2 -26.2 10.5 -1.1 -33.1 31.2
53.7 -8.4 -29.8 59.5 -6.5 -25.1 53.3 -9.0 -29.0
82.2 55.8 -33.4 49.9 75.3 -5.1 72.8 70.2 -19.5
87.0 -4.7 51.3 86.4 -2.8 48.1 83.8 -4.2 51.3
-95.1 52.5 43.1 -77.7 35.0 44.7 -101.9 19.4 57.7
-26.1 57.8 -20.7 -35.9 61.7 -38.3 -26.8 39.9 -14.4
-13.3 37.0 -70.2 -2.5 28.8 -68.6 -1.0 31.1 -96.5
29.9 94.6 -93.3 22.4 109.6 -83.1 40.8 89.2 -78.9
-4.2 -94.7 98.0 -2.3 -95.4 98.6 -2.2 -92.8 98.6
-43.3 -4.2 54.4 -40.7 -1.1 58.5 -46.0 -4.6 51.9
-95.0 80.2 -11.1 -120.3 77.8 -11.0 -106.2 68.9 23.7
42.0 2.4 26.0 21.5 -32.1 27.2 50.5 -45.9 19.6
14.0 58.9 28.2 -25.4 64.2 52.1 -24.3 70.1 4.0
22.0 -44.6 42.5 34.4 -46.6 12.0 62.4 -44.4 43.9
76.8 73.2 44.0 52.4 101.3 75.5 55.2 74.4 56.1
5.8 20.6 11.6 -7.2 32.3 39.4 26.9 22.6 34.5
14.8 55.0 23.8 24.7 88.0 22.4 17.6 85.9 7.1
-93.8 77.7 -76.5 -95.0 71.0 -105.1 -122.7 105.2 -92.6
51.4 -39.0 52.3 94.6 -53.6 48.5 94.4 -57.8 59.1
-74.6 -77.2 73.1 -44.0 -102.7 49.3 -66.6 -79.6 82.4
44.3 12.7 8.0 65.2 3.1 -12.2 51.2 32.6 11.4
67.3 -32.9 32.6 66.0 -34.2 33.9 65.7 -31.6 32.8
-73.9 -69.5 -90.0 -76.8 -68.5 -91.8 -70.6 -72.3 -87.4
-39.9 47.7 -25.2 -42.9 59.2 -21.3 -42.0 51.0 -22.5
-34.1 -95.4 43.9 -11.6 -79.5 34.5 -15.9 -79.1 28.5
-73.9 -57.6 -16.8 -75.7 -61.9 -14.4 -72.8 -53.9 -12.5
91.9 -65.4 -93.9 105.9 -56.9 -100.9 85.1 -92.9 -123.2
57.8 97.1 -40.8 50.2 97.6 -41.1 61.4 91.8 -48.0
57.5 -40.4 87.3 80.6 -55.3 100.8 65.9 -17.5 94.1
65.1 -85.8 -0.7 68.0 -82.8 -0.7 58.2 -92.6 0.1
8.6 -47.8 83.6 14.2 -40.4 77.8 4.1 -48.2 84.7
83.0 8.5 39.1 100.7 34.8 50.6 123.1 31.3 53.0
-10.2 -46.1 98.7 -3.1 -47.0 105.6 -5.3 -43.3 92.9
-21.1 -8.2 -27.5 -21.1 -8.4 -27.5 -21.0 -7.8 -27.7
85.6 -41.9 25.5 87.2 -19.0 -0.2 104.2 -19.3 4.9
-50.3 78.8 29.8 -30.4 101.3 37.4 -36.5 91.1 20.5
2.0 -16.8 95.3 2.4 -19.6 99.3 -26.3 -28.7 67.9
-29.6 -33.2 62.9 -35.5 -17.4 64.1 -28.9 -33.3 62.4
-84.1 91.3 -14.0 -122.1 75.9 1.6 -99.2 72.3 18.4
-38.9 86.9 -86.1 -37.8 86.9 -87.2 -37.9 87.1 -86.0
96.3 63.0 -24.9 104.3 48.5 -51.1 72.8 63.2 -47.0
-87.1 -62.4 -83.9 -90.0 -62.1 -86.8 -73.7 -46.4 -73.0
44.3 -62.9 -99.2 29.1 -71.7 -114.2 40.1 -85.3 -70.0
-58.6 30.3 -52.0 -57.4 28.0 -52.5 -56.6 29.0 -49.4
-36.7 -98.0 -66.7 -20.9 -64.1 -88.4 -61.5 -79.1 -99.3
-90.5 -50.4 -76.7 -109.7 -71.2 -58.8 -90.9 -43.6 -46.1
37.8 76.8 -83.8 3.2 104.9 -101.6 40.2 96.0 -105.0
-47.4 81.9 -98.2 -41.3 84.6 -80.8 -33.7 74.8 -104.4
14.0 -94.1 -88.3 16.0 -92.2 -85.8 16.0 -92.0 -84.2
-93.2 9.2 -38.9 -93.7 8.8 -38.1 -93.4 10.2 -38.8
83.5 86.5 87.4 104.6 105.3 109.5 81.9 110.5 75.6
30.5 30.4 39.1 21.4 5.6 32.2 37.4 25.9 39.6
-1.5 -1.0 -16.1 0.2 2.3 -17.6 -3.5 -1.0 -16.2
93.6 67.5 -44.9 79.3 93.0 -58.8 78.1 93.8 -53.8
98.2 21.6 -69.3 124.0 4.6 -59.7 82.4 -6.1 -40.1
-52.0 58.4 10.6 -60.2 51.4 3.1 -53.4 50.5 11.9
78.2 -27.1 -76.4 120.9 -26.7 -96.2 82.1 -32.2 -94.5
15.6 6.0 -23.7 14.9 4.1 -23.0 16.2 4.7 -24.4
-7.0 -9.2 -6.9 -21.4 5.5 13.1 18.1 13.0 -0.9
77.2 35.7 -34.5 107.2 -4.2 -36.3 68.4 1.0 -39.7
-12.3 34.4 -25.0 -29.8 37.6 -38.5 -25.0 31.9 -23.9
92.9 11.6 78.3 94.5 15.0 75.9 95.3 8.1 74.8
98.5 -13.8 56.8 81.0 16.2 41.7 80.9 11.2 26.7
30.1 34.9 -90.2 12.9 17.9 -73.0 14.5 19.2 -78.3
-22.2 13.4 1.8 -43.9 8.2 16.7 -9.5 -14.8 20.3
-85.5 25.1 9.5 -102.1 5.5 32.9 -85.5 22.8 19.7
2.7 57.9 56.2 2.5 58.0 56.2 2.9 57.9 56.0
-50.3 -72.5 -81.5 -88.4 -64.5 -75.0 -46.8 -47.5 -95.2
0.1 -21.0 43.4 11.2 -9.4 45.2 -5.3 -25.2 32.8
-33.9 43.4 -5.1 -47.3 47.7 10.3 -13.2 51.5 13.8
-63.6 4.6 -60.2 -63.8 36.5 -31.9 -94.0 40.3 -60.2
27.9 -10.6 -92.6 9.6 -26.7 -77.9 20.5 -8.3 -88.8
-38.6 96.2 4.8 -28.4 114.2 15.8 -28.4 81.8 -0.6
44.0 85.8 -44.7 44.4 86.5 -44.5 43.7 84.9 -44.7
-58.6 -96.4 71.5 -54.5 -103.1 68.4 -57.4 -97.8 76.8
72.4 64.9 -2.1 67.2 87.9 -2.3 57.0 76.7 3.8
-14.0 -66.2 -87.4 -13.3 -59.3 -97.8 -35.6 -39.4 -96.3
55.5 10.7 48.2 68.9 12.7 52.4 47.3 -0.2 34.3
28.2 -91.9 -63.8 47.4 -81.5 -74.9 19.0 -71.9 -88.9
-29.9 35.1 -89.8 -17.1 39.8 -90.1 -40.8 44.4 -91.5
-99.0 40.6 34.5 -79.2 27.1 51.5 -94.8 37.2 14.8
-82.0 59.9 37.7 -76.7 54.5 39.9 -88.7 60.3 37.4
-95.4 -52.4 29.2 -97.6 -48.6 35.9 -89.8 -45.6 32.2
-35.7 30.3 -47.7 -15.6 -1.8 -31.3 -19.9 15.0 -36.8
52.1 61.5 -7.1 59.2 63.1 -1.3 48.6 66.5 -11.8
41.3 -3.6 97.6 78.0 -4.9 126.9 61.5 -37.8 121.8
96.3 64.0 -92.2 103.7 66.0 -84.9 93.6 71.0 -87.8
-15.0 98.7 83.6 -4.4 92.7 89.1 -13.6 91.1 87.9
-42.7 -18.1 -79.4 -50.6 -49.7 -102.1 -56.4 -40.7 -81.3
76.8 70.2 -9.0 80.4 74.1 -12.6 75.7 73.0 -1.2
45.8 -82.3 -52.7 20.7 -86.7 -26.4 20.0 -94.6 -58.7
6.2 22.9 -78.2 6.4 22.5 -78.8 5.8 22.3 -77.8
-54.3 71.2 15.6 -51.7 65.8 20.0 -52.3 71.2 13.0
-94.6 -94.5 61.5 -82.9 -123.1 30.5 -129.0 -115.4 42.2
-50.1 -28.8 38.3 -43.7 -29.0 32.7 -54.9 -22.9 38.1
-39.6 -4.5 74.4 -39.1 -4.6 74.1 -39.1 -3.9 74.3
19.4 -81.3 1.2 17.0 -49.6 32.6 -9.3 -60.3 -4.6
-62.4 -28.4 -90.2 -59.0 -23.9 -107.4 -44.1 -42.3 -71.3
5.0 -21.4 82.9 27.0 -42.3 54.9 -13.5 -48.9 83.3
-4.1 -32.1 49.0 -10.7 -28.2 46.9 3.6 -25.9 42.5
-41.0 27.7 -31.9 -20.4 59.9 -16.2 -12.8 54.8 -1.4
50.4 66.2 -74.0 45.5 43.0 -60.5 47.9 55.1 -57.5
-29.7 -35.0 -36.3 -17.0 3.6 -26.0 -45.5 -4.5 -48.6
20.9 -31.8 83.6 27.1 -28.9 86.3 14.3 -33.0 78.4
66.1 70.9 -0.2 80.5 54.5 -2.1 77.3 75.6 -1.0
-4.7 -17.2 -68.6 12.0 -31.3 -53.5 -6.7 -17.1 -61.1
54.3 -50.0 11.9 59.0 -52.9 13.8 55.3 -52.3 6.9
94.5 24.7 -32.4 94.0 15.7 -22.3 106.3 38.4 -32.3
-16.2 -82.5 -3.1 -33.8 -87.1 -25.4 -46.6 -64.9 -22.4
98.6 -41.8 -11.5 98.1 -41.1 -12.1 99.7 -42.1 -9.1
-19.6 68.9 -84.3 4.8 47.7 -87.4 -29.1 54.9 -63.3
-8.1 -33.6 71.4 -10.9 -28.4 70.6 -3.6 -25.1 64.9
-9.9 -12.6 29.7 -31.8 11.8 31.0 -7.6 -7.2 57.4
42.8 -1.0 86.1 35.3 -15.5 85.2 51.8 -1.9 96.6
-21.1 -92.2 17.7 -30.8 -87.6 12.4 -21.3 -92.9 11.5
95.1 -78.5 -65.8 91.8 -68.8 -85.3 114.1 -88.6 -60.0
46.1 70.9 -61.7 38.6 33.4 -35.8 27.5 55.7 -52.7
-24.7 30.0 54.8 -59.1 16.6 74.3 -53.5 39.9 84.1
77.0 -67.1 60.0 74.4 -59.4 57.0 80.1 -66.1 53.3
-73.1 55.1 39.0 -80.5 46.1 33.7 -71.9 59.8 36.5
97.2 46.5 -40.1 119.4 58.0 -50.9 121.7 18.5 -56.6
-61.4 -92.3 14.3 -61.2 -90.8 4.3 -58.4 -82.4 -4.3
-57.3 74.7 -56.1 -31.5 74.2 -35.1 -34.7 78.3 -75.6
92.7 92.9 -35.2 95.9 88.2 -19.0 93.0 76.6 -58.0
8.7 28.6 -11.2 37.8 35.7 -0.2 46.0 23.1 -39.0
32.3 -23.5 -46.6 31.1 -24.6 -45.7 32.4 -23.4 -47.2
-39.8 -84.2 99.6 -67.7 -63.3 130.2 -65.6 -64.7 132.4
35.8 -15.0 -54.0 40.8 -12.6 -40.3 26.8 -15.5 -81.4
95.1 -40.4 -4.6 66.9 -11.5 -2.0 72.7 -33.9 3.1
93.6 94.6 -19.0 92.1 124.3 2.3 87.0 80.3 -18.3
32.9 44.0 71.0 30.2 42.0 87.8 35.6 65.5 88.6
-95.2 31.7 56.2 -104.3 38.9 65.7 -102.8 21.6 57.7
-44.6 8.2 92.6 -51.4 13.4 90.0 -59.3 -10.5 101.8
-65.1 48.8 100.0 -80.1 76.8 78.6 -88.1 47.5 77.7
88.0 -95.2 97.7 86.4 -75.8 128.9 83.6 -65.0 129.0
38.9 -99.0 -56.9 24.4 -100.0 -45.8 40.4 -95.0 -44.5
33.2 -43.5 -74.9 41.1 -51.8 -72.1 27.5 -49.2 -80.7
-77.6 -25.7 -71.6 -82.5 -23.5 -67.9 -84.8 -32.7 -70.4
73.8 -53.2 -42.5 68.5 -58.6 -41.4 63.8 -45.8 -50.7
59.4 -27.6 25.7 68.8 -30.9 29.7 59.4 -26.4 34.2
-91.5 22.8 -35.2 -78.3 12.6 -37.8 -88.5 15.2 -34.8
-34.2 63.0 58.8 -52.1 97.2 66.7 -42.6 64.5 42.5
-22.5 -9.0 87.6 16.2 -11.9 62.1 -5.1 17.5 54.5
-27.1 -32.4 -49.7 -22.0 -44.9 -38.8 -25.9 -29.7 -57.4
88.2 -80.9 86.7 104.9 -90.3 61.8 64.0 -75.2 59.4
-85.8 98.8 -7.6 -103.1 122.9 -19.6 -119.1 100.5 -33.8
48.0 21.4 32.5 45.5 21.8 41.8 42.5 12.7 33.6
6.3 -23.3 20.5 -8.5 -52.1 56.0 7.1 -35.8 18.2
-76.5 22.6 -44.3 -54.9 16.8 -29.7 -86.7 19.9 -52.8
95.8 61.2 8.3 95.0 45.3 27.2 93.3 58.3 30.7
45.6 -43.7 -7.9 45.2 -45.0 -6.7 44.4 -40.9 -11.9
75.2 43.5 -8.8 75.1 45.0 -9.9 74.0 40.9 -7.3
40.3 70.1 -97.6 66.0 101.6 -81.3 40.9 96.1 -96.1
36.1 89.5 -2.1 35.1 93.4 -8.4 31.3 92.0 1.3
-51.6 -12.5 23.8 -49.6 -11.9 24.3 -55.9 -17.3 22.3
-95.6 81.1 83.3 -93.7 81.0 83.7 -93.4 83.7 82.6
86.9 15.3 -84.7 87.2 8.7 -70.7 92.4 16.1 -81.4
-91.7 82.5 -16.7 -87.4 72.0 -0.7 -106.2 75.0 0.3
56.1 -85.3 -76.0 56.2 -86.2 -66.2 47.0 -88.0 -66.7
-85.0 -82.4 -19.7 -100.8 -91.9 -17.6 -101.1 -64.0 -36.7
-21.4 -90.6 87.3 -10.5 -112.5 89.1 -20.1 -100.2 114.6
-96.5 -42.3 10.4 -105.4 -36.0 9.7 -108.6 -30.9 32.9
-40.6 62.8 -44.8 -46.9 86.6 -66.6 -78.9 70.7 -42.4
-88.4 -40.6 22.0 -94.5 -30.7 10.0 -103.0 -62.4 3.7
6.4 -75.0 38.9 9.4 -66.9 41.8 5.9 -86.1 45.4
24.6 43.7 24.2 5.4 12.9 51.8 24.3 18.1 14.5
-13.5 79.8 69.5 6.4 89.6 94.4 3.8 55.4 84.1
-73.8 -50.0 -41.1 -73.4 -56.5 -33.2 -65.4 -59.7 -20.7
-6.8 45.2 -62.2 -8.5 44.8 -32.8 7.4 56.5 -45.4
-5.5 79.4 15.6 -4.9 68.6 14.5 -2.4 88.2 18.1
26.4 89.1 -57.2 23.0 91.9 -54.2 28.3 89.5 -59.8
-86.5 -77.6 -97.6 -86.6 -75.2 -95.6 -86.9 -78.3 -99.2
95.2 -79.1 99.1 94.2 -79.3 98.3 95.3 -80.2 97.9
29.8 -14.2 87.9 48.4 -14.7 80.3 43.4 -25.8 104.2
-47.1 -86.3 48.1 -54.0 -81.1 56.2 -41.1 -91.3 45.6
-16.9 30.1 71.9 -15.6 24.0 72.5 -11.6 37.2 73.8
-68.6 31.2 5.4 -73.8 47.4 10.7 -60.5 39.8 20.2
81.7 -7.9 51.8 100.7 13.3 58.2 97.2 4.5 69.5
22.7 -25.3 -6.3 10.4 -15.1 -2.7 23.9 -22.5 -8.3
3.9 -34.5 -96.9 0.7 -16.6 -53.1 -4.0 -17.9 -79.9
98.1 -26.7 2.6 83.5 -15.1 -15.8 98.6 -46.6 -11.6
-86.6 -59.7 -96.1 -116.1 -79.5 -72.1 -91.4 -47.4 -56.4
-17.0 87.3 -75.6 -5.5 113.9 -112.1 -33.3 97.9 -108.9
-43.0 -6.1 57.3 -67.5 -23.3 65.8 -62.8 -9.4 19.2
-35.9 39.4 -45.0 -60.5 38.8 -29.6 -61.5 45.1 -71.6
-19.1 -75.4 -1.6 -21.1 -74.3 -1.5 -19.3 -76.7 -0.3
-31.1 71.7 -86.4 -18.0 60.9 -64.5 3.3 81.4 -103.6
-69.7 -91.5 -11.6 -64.6 -43.4 -18.6 -82.7 -64.9 8.0
25.2 -85.8 4.5 30.1 -95.2 2.4 14.0 -61.1 8.5
75.1 -30.7 48.3 65.1 -52.3 81.1 85.3 -48.5 54.4
69.6 50.5 -54.1 70.0 50.3 -53.8 70.0 51.4 -54.4
10.1 39.0 -68.3 9.5 -5.0 -62.8 -12.9 0.0 -58.4
-93.2 -27.9 56.1 -79.5 -7.0 76.4 -70.0 -19.6 42.3
-46.8 -92.8 34.9 -18.3 -100.1 50.3 -59.8 -96.7 37.1
-34.7 1.3 26.3 -26.9 6.7 25.7 -34.3 -3.3 29.9
-29.1 52.9 21.2 -42.1 64.1 23.6 -38.6 57.1 10.6
96.0 3.6 -63.0 77.6 19.7 -47.3 93.3 27.0 -84.3
80.2 -43.9 -9.2 82.8 -43.6 -13.4 80.1 -46.5 -10.3
85.0 48.7 -24.1 58.6 64.8 -40.0 74.4 23.0 -48.1
6.4 -21.3 -48.6 3.8 -30.1 -65.9 13.7 -11.0 -68.2
95.2 15.7 55.8 94.1 -17.1 38.4 81.1 -13.7 42.9
-90.8 -18.3 81.3 -84.7 -7.3 90.8 -99.9 -7.1 76.9
-41.0 86.7 -85.8 -45.7 89.7 -81.4 -41.5 87.2 -87.2
99.6 -46.2 -35.1 93.9 -33.1 -22.8 101.6 -64.8 -13.4
40.4 79.9 -27.7 36.3 68.5 -23.7 31.8 73.6 -25.4
25.9 46.2 -13.4 55.9 60.0 -23.1 50.4 64.9 -0.8
-88.7 -68.7 -53.7 -119.7 -93.4 -51.7 -100.3 -77.6 -20.9
-18.9 -47.2 -7.9 -23.2 -43.7 2.2 -15.4 -47.0 -1.8
81.8 82.8 -60.5 90.7 76.6 -64.7 84.4 84.4 -59.6
4.1 -13.4 78.8 22.1 -13.1 90.2 22.7 -26.5 66.6
82.5 -69.1 -17.1 94.4 -85.4 -17.4 82.7 -62.4 -22.7
95.1 -14.3 -88.6 117.9 19.0 -89.2 129.4 -4.5 -95.5
-22.0 84.7 -44.8 -30.5 116.2 -14.3 -21.4 93.6 -44.8
-84.1 8.4 -67.5 -79.9 6.8 -63.1 -84.4 8.6 -64.6
4.8 -87.0 -24.0 37.1 -88.5 -3.9 18.2 -85.5 -44.3
80.4 -79.3 21.0 84.2 -76.9 20.4 80.2 -82.4 24.8
98.5 -75.8 43.8 110.3 -80.5 34.3 101.1 -94.8 21.8
9.2 -56.9 51.2 14.4 -61.4 54.0 13.0 -53.2 47.8
73.3 -46.9 -1.7 60.5 -43.7 -12.8 75.2 -62.1 -9.0
-37.9 21.7 15.4 -50.1 41.0 39.5 -29.9 11.7 46.9
68.7 47.6 14.9 50.9 32.8 22.4 76.4 61.2 14.8
-98.2 -84.6 85.8 -106.5 -61.1 67.9 -97.0 -84.7 71.3
7.6 76.2 -86.3 7.1 56.5 -79.0 1.0 84.8 -108.7
-26.2 -24.8 25.6 -19.7 -25.7 27.0 -24.1 -30.0 25.2
-45.3 -1.6 -46.9 -43.0 2.1 -41.8 -40.9 -4.1 -48.4
70.9 9.7 -16.2 76.7 14.5 -11.6 72.7 6.8 -15.3
-49.7 -46.9 23.5 -60.6 -37.0 24.5 -44.4 -46.9 28.8
19.4 -93.4 -68.4 26.4 -95.6 -77.7 16.6 -109.8 -50.6
-40.2 91.2 -97.4 -56.1 107.5 -114.4 -62.0 89.1 -100.9
-22.9 25.0 -35.2 -35.8 8.2 -37.0 -11.7 39.4 -14.5
38.0 -36.6 -43.9 41.6 -48.8 -35.7 56.3 -31.4 -61.3
-13.0 82.3 -66.0 11.7 92.3 -81.7 -27.0 69.9 -83.3
-84.3 86.8 -83.7 -112.3 69.8 -51.5 -119.4 73.8 -86.1
-42.9 87.3 4.1 -48.3 73.1 15.0 -50.6 78.1 -4.9
-65.2 -2.8 -33.6 -65.4 -0.7 -35.6 -67.3 -1.0 -35.0
99.3 -97.9 44.4 95.4 -119.2 30.7 105.8 -116.4 55.4
40.0 -26.6 76.9 43.5 -44.5 75.9 34.2 -32.2 86.8
-1.3 -8.8 -18.7 -19.9 -16.3 -33.3 -17.2 -15.3 -38.7
-3.4 84.7 61.7 -21.1 78.5 66.8 4.0 45.8 86.8
19.4 -38.0 -52.0 11.0 -28.7 -22.8 26.1 -29.7 -59.9
22.7 8.1 -96.8 8.4 18.8 -106.3 14.1 -5.2 -79.4
-0.6 28.2 -49.2 -14.1 38.0 -43.2 12.1 13.7 -41.3
9.1 96.1 -35.5 33.5 124.5 -30.8 33.4 78.6 -33.8
66.6 52.4 68.0 60.5 50.9 75.1 51.9 36.8 70.4
-16.4 -58.4 -81.6 -37.0 -76.1 -99.8 4.4 -51.3 -91.3
-20.1 -99.7 -22.3 -10.1 -89.5 -20.5 -26.1 -91.6 -16.0
75.3 -20.6 19.4 75.4 -21.0 20.4 74.7 -20.6 18.7
76.0 45.6 -66.8 76.7 44.8 -67.1 76.8 44.8 -65.9
59.1 -97.2 -51.0 49.1 -84.6 -67.5 71.1 -114.2 -34.2
35.5 6.9 74.0 24.6 2.0 97.1 24.4 13.4 65.2
94.5 -86.7 -92.3 96.4 -76.1 -90.3 104.3 -77.2 -89.0
4.9 -74.0 -95.8 -7.5 -74.9 -92.1 -4.9 -82.5 -90.1
39.0 -23.2 28.7 37.3 -8.5 30.0 30.1 -47.7 7.3
94.0 99.0 78.7 68.3 72.8 90.5 81.2 119.5 91.2
10.5 -20.2 -42.7 -19.6 -52.1 -63.0 -12.8 -21.2 -25.3
66.3 48.8 -0.7 31.9 70.1 12.7 77.7 75.8 11.3
-29.8 59.7 85.0 -31.0 54.8 81.8 -28.6 58.9 79.5
-73.6 -82.6 87.9 -75.5 -83.7 87.7 -75.3 -82.7 89.2
77.4 -49.9 58.5 78.6 -48.5 59.4 76.2 -49.8 58.6
-11.0 -25.1 -83.7 -19.0 -26.5 -91.2 -14.0 -34.1 -83.0
-20.6 -98.9 -68.8 -24.6 -98.5 -95.7 -49.6 -77.4 -60.7
-43.9 47.6 -92.3 -64.1 30.4 -119.9 -37.0 71.8 -117.7
-61.3 -42.5 -95.0 -59.6 -41.3 -90.8 -65.3 -44.8 -94.0
70.7 -86.4 -42.3 85.8 -57.6 -27.3 55.7 -63.6 -57.7
-14.5 -13.1 3.7 -6.0 -15.6 -1.7 -11.4 -12.8 14.8
-80.8 98.0 87.6 -103.9 92.3 94.7 -65.4 93.9 83.2
13.2 43.0 52.7 -10.5 59.0 77.1 -6.1 15.6 71.0
24.4 -62.0 -25.2 -2.7 -69.3 -12.4 17.9 -81.3 -18.5
-94.6 43.6 15.7 -97.9 37.1 -0.8 -66.3 23.2 12.6
23.1 78.4 -4.3 7.6 90.7 -8.9 -3.0 55.2 -29.0
12.4 -36.8 37.1 34.2 -25.3 19.2 -3.1 -50.6 31.8
-10.3 -68.6 -38.6 -6.5 -58.1 -21.8 14.1 -67.7 -4.9
-69.7 -79.4 -33.5 -68.2 -78.6 -31.2 -50.1 -76.2 -26.6
-96.4 -78.0 79.5 -111.0 -108.9 53.0 -105.0 -99.6 64.8
99.6 -34.0 -93.9 50.2
94.1 12.5 -22.6 95.1
163.4 75.0 -16.8 -60.3
105.9 5.4 21.5 -41.0
135.2 58.3 -26.5 31.4
20.6 -22.9 53.4 -1.7
135.8 -35.9 78.5 22.2
153.9 54.8 -3.1 -64.8
4.0 -41.3 41.1 59.2
154.2 74.2 9.9 36.4
